;34;47;70;73;74;83;178;208;225;248;249;264;276;289;314;320;327;337;342;349;387;388;406;458;502;522;539;556;562;563;611;614;619;629;639;676;682;688;701;702;755;778;780;785;813;817;835;860;861;886;896;898;899;900;906
0;1.049831832788529;1.0497473036550125;1.0498307459627094;1.0496112681764351;1.049611600408912;1.049746896118411;1.049524774856902;1.0495168993010096;1.0495213833946635;1.0495168399282973;1.0495171085051165;1.049513982768241;1.0494741429001577;1.049481777000074;1.049474972530288;1.0494704069875294;1.049473317022761;1.049348686497057;1.0493905743987797;1.0493612643193782;1.0494027276296447;1.0493600280186852;1.049338355040889;1.0493625968913407;1.049276397697296;1.049316664330367;1.0493508768776167;1.0493509424333636;1.0492629839042862;1.0492766502455972;1.0492631194999364;1.049303095448474;1.0492586113031341;1.0492948813083465;1.04925799208049;1.0492552458970021;1.0492553911841322;1.0492916503385752;1.0492761682799006;1.0492705787825969;1.0492358387855345;1.0492756149236566;1.0492235368177811;1.0493118185725758;1.04923613879675;1.0492734437056448;1.0492241817872756;1.0492750093748169;1.0492732628607353;1.049208486883589;1.0492522989559911;1.049212112206517;1.0492081511685112;1.0492504460292968;1.049211862941536
1;1.0497275003266544;1.049587667355903;1.0497264133928015;1.049345005913904;1.0493499139771476;1.0495872597573177;1.049219724665361;1.049211846819731;1.0492163322170667;1.0492117874297002;1.0492120560846063;1.0492089294389981;1.049132825987899;1.049141724958558;1.049133655887934;1.0491100479278304;1.0491201716704384;1.0489150080879373;1.0489632810010465;1.0489355670295804;1.049001562711328;1.0489343302271383;1.0488966884765365;1.0489323314202372;1.0487882626090568;1.0488473591265153;1.0488920601098586;1.0488758574096535;1.0487850939562136;1.0487944818988764;1.0487852296136484;1.0488255179888677;1.0487745444233465;1.048830987714423;1.048757683523761;1.0487734037297733;1.0487735490836525;1.0488043247741712;1.0487653689188212;1.0487758265229243;1.0487410701362259;1.0487503158267841;1.0487287623644597;1.0488393631118844;1.0487413702889816;1.0487326063251994;1.0487294076382438;1.0487434426936346;1.0487320838882939;1.0487137053296052;1.0487575380723106;1.0487173323629417;1.0487133694561397;1.048755684271478;1.048717082980356
2;1.0497139758218;1.0495669739687188;1.0497128888739495;1.0493122971195485;1.049317205335785;1.0495665663620943;1.049178829739567;1.0491639917223172;1.0491749427415047;1.0491703977748421;1.0491706664403468;1.0491567954905587;1.0490881441691098;1.0490979588202614;1.0490889741044884;1.049051559439521;1.0490669132514494;1.0488676601398923;1.0489181382345971;1.0488893238202985;1.0489566242404917;1.0488880869633366;1.048844649477832;1.0488870161142936;1.0487402191638868;1.0488045019257928;1.04884323440941;1.048823739827614;1.04873705036606;1.0487464387386172;1.0487371860297097;1.0487833585215922;1.0487265003501798;1.048782946226212;1.048709638678142;1.0487253596044257;1.0487255049649649;1.0487629878797102;1.048724275203587;1.0487347332173982;1.0486999754685817;1.0487092215216878;1.0486876672143444;1.048796771648817;1.0487002756331012;1.0487010038761844;1.0486883125134134;1.048708123691071;1.0486967645031744;1.0486726095893208;1.0487164440501717;1.0486762367648947;1.048672273702691;1.0487145901766985;1.0486759873725444
3;1.0496554897797508;1.0494774866442282;1.0496544027713473;1.0491600770364844;1.0491599747666438;1.0494770790028498;1.0490056744834146;1.0489352715305276;1.0489696256760201;1.048991040668358;1.0489913093797993;1.048915634629563;1.048905333480126;1.0489293273610516;1.0489009914866616;1.0488688859793995;1.0488887514445329;1.0487075513039752;1.0487649578424934;1.0487324479903597;1.048799080270025;1.048731210948381;1.0486825190798095;1.0487077972071153;1.048584148797904;1.048669102375533;1.0487199428624572;1.048720008457643;1.0485627151770578;1.0485844015129284;1.048562850863266;1.0486506576041896;1.0485302918281072;1.0485902498492168;1.0485476181404967;1.048548512149412;1.0485486575344676;1.0486334683073433;1.0486145409872376;1.0486070564514338;1.0485645255056077;1.048613987281864;1.0485469844859283;1.0486623998859586;1.0485648257088958;1.0485787519510137;1.0485476298715748;1.0485833943870686;1.0485720338479683;1.0485259390381403;1.0485856857552682;1.0485214422711435;1.0485256031045267;1.0485838316506177;1.0485150901237037
4;1.0496452840500556;1.0494618727351266;1.0496441970310582;1.0491496500195339;1.049144868857025;1.0494614650876815;1.0489691444071054;1.0488974654111693;1.048933003867693;1.0489544196077087;1.0489546883285317;1.048877044883178;1.048858619298875;1.048884911046431;1.0488542771120266;1.0487875273249225;1.0488205164789226;1.0486643102384239;1.0487186438832148;1.048676006113936;1.0487530814394534;1.0486787211249609;1.0486453999356362;1.048689026909498;1.0485540183402509;1.0486082731497506;1.0486696849121337;1.0486697505104632;1.0485360294041073;1.0485542710625348;1.0485361650937628;1.0485874794665313;1.0485156677412117;1.0485572072154181;1.0485252764925304;1.048524604200138;1.0485247495885093;1.0485680654425908;1.0485459893368554;1.0485357862725606;1.0484888274952036;1.0485454355952786;1.0484712852088096;1.0485900328256181;1.0484891277201698;1.048501592791041;1.0484719306410522;1.0485211278995554;1.048519380129737;1.048450238241368;1.0484961729216355;1.0484457411496508;1.0484499022834979;1.0484838131174539;1.0484393885435526
5;1.049599523904417;1.0494021220043706;1.0496037221714614;1.049088091305964;1.0490914408566805;1.049407714309548;1.0488965277508222;1.0488405065296382;1.0488897143890388;1.0488851681864257;1.0488854369249903;1.048807992505253;1.0487825435401978;1.0487959209276738;1.0487833737174097;1.0486960872115734;1.0487261610650724;1.0485299678301852;1.0486060157946893;1.0485418307342154;1.0486308097394441;1.048544546092666;1.0485009470978783;1.048529335893102;1.04842558667074;1.04843562854472;1.048491275842268;1.0484817290844155;1.0484039007768342;1.0484258394239834;1.0484040364835923;1.0483934239974877;1.0483805571760407;1.0484510684518051;1.0483901671656974;1.0483787422440964;1.0483819038556321;1.0483854347895059;1.0483588525470737;1.0483451180653303;1.0482719471572894;1.048358298706654;1.048263557683845;1.0484152160380706;1.0482662631005555;1.0483095687932507;1.048264203243991;1.0483271114902495;1.048320651007721;1.0482395882284248;1.0482997514261885;1.0482223750114197;1.0482392522030435;1.0482873893060876;1.048230879765869
6;1.0495694206438262;1.0493560732910532;1.0495736190312717;1.0490153188180593;1.049018668601141;1.049361665841636;1.0487885263827097;1.0487538574904318;1.0488005244689482;1.048795977879724;1.0487962466411422;1.0487427745212679;1.0486900718700938;1.0486974354210077;1.048690902120508;1.0486905000339986;1.0486918338223976;1.0483551454773241;1.0484454881712877;1.0483810446997672;1.0484779128239075;1.0483798072431445;1.0483264817576188;1.048346122171762;1.0481923661555912;1.0481995472471997;1.0482723386675106;1.0482704356480148;1.0482067392060446;1.0482050247432013;1.0482068749383313;1.0481450342878333;1.0481993823229094;1.048255771146845;1.0481987624745166;1.0481852589884149;1.048188421183544;1.0481220037881689;1.048077092458489;1.0480153597336475;1.0479354307297255;1.0480765384691866;1.0478874178926205;1.048185093769839;1.0479297448477043;1.0480190102060623;1.0478813179423825;1.0480454220835147;1.0480389598645563;1.0478137721812182;1.0479871413481887;1.0478192961668933;1.0478268646676872;1.0479747755404607;1.047835720688501
7;1.0496374751126178;1.0494661739941316;1.0496403180631542;1.0491708548700043;1.049171187241943;1.0494657663483622;1.048961268531558;1.0489297607130355;1.0489723254216647;1.0489552814807555;1.0489508811612578;1.0489439972428742;1.048880032001188;1.048887394218391;1.04888086210124;1.048880460087497;1.0488817936343378;1.0485911948793116;1.0486742992230274;1.0486099571306597;1.0487018220734847;1.048602994054791;1.0485737659786405;1.0486056020461705;1.0484258351002311;1.0484558393956955;1.0485495417277462;1.0485572509474947;1.0484390010756668;1.0484384908689701;1.0484391367778834;1.0484207229414935;1.0484284480604182;1.0484902436023353;1.0484115815946848;1.048427306990312;1.0484274523921744;1.0484085925551456;1.0483745768584167;1.048333835379805;1.048248254199899;1.048374023026293;1.048227540801615;1.0484356548617024;1.0482472534609015;1.0483411094156039;1.0482214428306642;1.048360027823621;1.0483582797852256;1.048170877025731;1.0483172427281222;1.0482160828909546;1.0481839650516944;1.04831538814869;1.0482158333891252
8;1.049579232784594;1.0493770648772265;1.0495820758928869;1.0490160712494645;1.0490209808517024;1.0493766571968381;1.0488120289417135;1.0487740741120735;1.0487828028696171;1.0487861074076505;1.048781706378355;1.048776693544616;1.0486902722742275;1.0486890543303085;1.0486911025244867;1.0486619054638806;1.048664280996824;1.0483368031683393;1.0484500433419113;1.0483770983814515;1.0484974366009596;1.048359489717203;1.0483146350847479;1.0484016044760172;1.048192388515721;1.0482654691691622;1.048372669365535;1.04837273498245;1.048162368763714;1.048185395450635;1.0481695088177854;1.0482329220912696;1.0481700347668819;1.0482415106894107;1.0481531641427884;1.0481688934154938;1.0481690388532032;1.0481957179460966;1.048199148613046;1.0481865091241407;1.048093865564017;1.0481985946882448;1.0480804427211723;1.0482462619224868;1.0481050381928276;1.0481669357718346;1.0480896765404275;1.0481825724156204;1.0481808240812862;1.0480870637754414;1.0481567426481828;1.0480906929773952;1.0480867277011596;1.0481548877847673;1.0480904434457017
9;1.0495495492341151;1.0492807398801318;1.0495484621159954;1.0489448764316565;1.048949786367122;1.0492844628625184;1.048736336884592;1.0487224846376373;1.0487085807622494;1.048710550845061;1.048714582594771;1.0487169558269902;1.048605639553092;1.0486034978997332;1.0486064698703574;1.0485912012781275;1.0485883000476979;1.0482230146060927;1.0483392456511762;1.0482692610753908;1.048389794960886;1.0482573784667053;1.0482003608408295;1.0482804232407639;1.0480924114653456;1.0481257812901135;1.048244909493169;1.048244975118081;1.048020425040735;1.04809266429894;1.048036892348399;1.048087319406365;1.0480585337135244;1.0481107743856581;1.0480579137818304;1.0480551644538754;1.0480553099073668;1.0480184270857407;1.0480083156136262;1.0479859710651678;1.047848208915808;1.048007761587956;1.0478175959113214;1.048111455659147;1.0478628228484934;1.0479198058809944;1.0478229925012565;1.047942834327924;1.0479333981522914;1.0478152883903928;1.0479303544225518;1.0477967826593257;1.0478149522289408;1.047930544941277;1.0477799055941943
10;1.0496093958525419;1.04938351349568;1.0496083087963994;1.0490818496437004;1.0490867589381023;1.049381430786462;1.0489039191798237;1.048898759373611;1.0488993151610886;1.0488809355614481;1.0488849666562248;1.0488979288166247;1.0487867440842915;1.0487941069565323;1.0487875742581785;1.0487871722086692;1.0487885058741275;1.0484350116102372;1.0485505069438426;1.0484442470160775;1.0485628827973426;1.0484395147926595;1.0484096772621936;1.0484817976832776;1.048243556000553;1.048350798184146;1.0484514586277462;1.0484515242397303;1.0481828260435628;1.0482438087976915;1.0481922866201716;1.0483177499892815;1.0481699290064612;1.0482486399281217;1.0481872612756944;1.0481711172903339;1.048176042153101;1.048283349689072;1.0482408526041123;1.0482263395391407;1.0481147443612577;1.0482353543334089;1.0480895323053632;1.0483385342313625;1.0481231665194417;1.0481730541916217;1.0480863393918094;1.0481898791330324;1.0481804451814152;1.0480358781255854;1.0481745668476732;1.0480376758773138;1.0480235030767435;1.0481747573220097;1.0480208026915103
11;1.0496895769410293;1.049522345227726;1.0496884899679315;1.0492475531446512;1.0492474508833367;1.049525716376393;1.0491196602143538;1.0490810789842169;1.049114615245657;1.0491100700176403;1.0491103386985945;1.0490801790494209;1.0490334548089806;1.0490272171289239;1.0490342847876295;1.0490182917689548;1.0490255310615595;1.0488116331101125;1.0488832162264674;1.0488154293988994;1.0488849535270721;1.0488213382543956;1.0487957085894781;1.0488099471779908;1.0486972336692157;1.0487685601126688;1.0488215016074083;1.0488215671962426;1.0486779605337955;1.0486974863569911;1.0486780962050863;1.048749499865625;1.0486688666515118;1.0487015097334895;1.0486682470806254;1.0486484688069886;1.0486533914279343;1.0487315847034957;1.0487044568719628;1.0487013786332422;1.0486544773564408;1.0486989610319055;1.0486339925575527;1.0487616231951422;1.0486547775339807;1.0486831285531109;1.04863463788965;1.0486957839536164;1.048694036474882;1.0485892902004288;1.0486782761211868;1.0486132061091225;1.0485769216828855;1.0486764221802392;1.0486129567017723
12;1.0497180301888236;1.0495658808826571;1.0497169432451694;1.0493318885008585;1.0493352372733562;1.0495692518914868;1.049195777013337;1.049164982163332;1.0491907565110334;1.0491862116128792;1.0491864802743347;1.0491479760719087;1.049114240727421;1.0491080035278035;1.0491150706421548;1.0490990788551269;1.0491063175902606;1.048918189033183;1.0489589694150336;1.0489338078730632;1.0489929259543067;1.0489325710685558;1.048905956421067;1.0489116467983293;1.0488294082664187;1.0488392128799986;1.0489062109688718;1.048906276552409;1.04881142405394;1.0488296609223453;1.048811559707969;1.0488060458932815;1.0487910677375887;1.0488517582784875;1.0488006739657445;1.0488000018499581;1.048800147200153;1.0487970983849948;1.0487748585482481;1.0487520377379451;1.0487073993710598;1.048774304927525;1.0487067931464364;1.0488203514825287;1.0487017176745257;1.0487283438580137;1.0487074384337356;1.0487487419897619;1.048746994599269;1.0486917357961487;1.0487420310450952;1.0486953629055351;1.0486913999156453;1.0487401772168525;1.048695113517729
13;1.0496771528964726;1.0495106372276797;1.0496760659104794;1.0492371930045;1.0492375253554247;1.0495102295991778;1.0490603146422035;1.0490395629638987;1.0490255237575437;1.0490344404555172;1.0490300404680653;1.0490300696943722;1.0489669191384243;1.0489742807458973;1.0489677491697162;1.0489673471892424;1.0489686806256238;1.0487001794696054;1.0487619001705106;1.0487234208749265;1.0488019298368174;1.0487221838222969;1.0486831834809347;1.0486992862757207;1.0485589955899302;1.0485991710683875;1.0486714497332386;1.0486582247383542;1.0485448938339879;1.048563607861657;1.0485450295225018;1.0485444982413212;1.0485154768997405;1.0486021029997155;1.0485012682978776;1.048527678091325;1.0485278234792688;1.0485468649025493;1.0485158529103031;1.0484848712408965;1.0484134651234103;1.0485152991528117;1.048384865170848;1.0485781008127761;1.0484077818339337;1.0485073284185482;1.0483787681149912;1.0485157727105376;1.048514024931793;1.0483502000735707;1.048447768876369;1.048378641369094;1.0483578755319263;1.048435408501558;1.0483783919059455
14;1.049665698787268;1.0494931098559053;1.0496646117894257;1.0492094869248154;1.0492098192845165;1.0494927022206004;1.0490055484247465;1.048994819335714;1.0489868642949793;1.0489819490937937;1.0489813108957338;1.0489807852555229;1.0489204417522089;1.0489427779949;1.0489160998212907;1.0489180546848733;1.0489151543584991;1.0486922202608022;1.0487712908344735;1.048718719402577;1.0487936600640493;1.0487174823444074;1.0486731886989764;1.0487180168810972;1.0485088691584228;1.0486259172562944;1.0486604287484294;1.048671817022502;1.0485238346212924;1.0485231323798185;1.0485239703125342;1.0485868827459524;1.0485104035018062;1.048580619165037;1.048485966134748;1.0485103004726146;1.0485104458629688;1.048582078669971;1.048554105644748;1.0485378140107213;1.048465847770709;1.0485535519074658;1.0484185096677465;1.048617355932486;1.0484661480022544;1.0485632240447127;1.0484124128075476;1.0485639853468194;1.0485622376484371;1.048375796298777;1.0484882885989837;1.048385399702397;1.0483834715697358;1.0484759287018588;1.0483930624609354
15;1.049571037267634;1.0493803856048785;1.0495805211256284;1.049068225207719;1.0490685576121737;1.0493859780258872;1.0488421959546828;1.048834787650156;1.0488547259798213;1.048836345598784;1.0488403768649373;1.0488408780057463;1.048727018907731;1.0487382682451407;1.0487226761759978;1.0487246314001486;1.0487217305388452;1.048399029276811;1.0485242905607994;1.0484525732901704;1.0485534514012327;1.0484513359179735;1.0483689070651634;1.0484561075979113;1.048200658020789;1.0483221173455908;1.0483918697009293;1.0484032608922467;1.0481905142373016;1.04821492543611;1.0481976540996527;1.048275163355639;1.048195300210945;1.0482782553422527;1.0481708554972813;1.0481951971508228;1.048195342584883;1.0482576431572157;1.0482645367802548;1.048254394396069;1.0481884779857105;1.0482639828899971;1.0481808451775083;1.0483034081568434;1.0481934619832574;1.0482576276955238;1.0481814907885922;1.048254889410627;1.0482550719120125;1.0481568738304567;1.0482286937199672;1.048139659255063;1.0481565377785573;1.0482268389838698;1.0481481646806785
16;1.0495782746380002;1.0493914604971442;1.0495877584305973;1.0490857315702637;1.0490860639691713;1.0493970528591345;1.048882431721688;1.0488336725679779;1.048877204654558;1.0488726583977308;1.0488729271395003;1.0488479104020787;1.048765273322871;1.0487615455669141;1.048766103513757;1.048765701455822;1.0487670351485812;1.0483586316902742;1.0485308688904384;1.0484450871468496;1.0485620406874265;1.048443849765815;1.0483307736359224;1.048462622895331;1.048171428849902;1.0483270039404637;1.0484338007418765;1.0484338663549648;1.0481079706412089;1.0481644356449833;1.0481244365734161;1.0482945751662673;1.0481398974525784;1.048209136010874;1.0481230263433767;1.048138756068408;1.0481389015102984;1.0482575103949519;1.0482615342165955;1.0482494994604026;1.0481758103184242;1.0482609803247502;1.048162944072359;1.0483078421485612;1.0481807943762058;1.0482310325670305;1.048163589694473;1.048238210341823;1.0482383928461132;1.048132984076941;1.0482207180270242;1.0481076413572543;1.0481326480173823;1.048218863276815;1.048110041966005
17;1.0496410264060123;1.0494425382346526;1.049645224507043;1.0492198235619805;1.0492201559184071;1.04944626064304;1.0490545200271384;1.049013877405818;1.049049378257441;1.0490448327467696;1.0490451014444322;1.0490136781557862;1.048962130080844;1.048969491721859;1.0489629601159283;1.0489625581336448;1.048963891576115;1.0486653575796419;1.048778182449399;1.0487065033581324;1.048783965078853;1.0487092182902034;1.0486638718581487;1.0487247636899173;1.0485391587348345;1.048626968312657;1.0487016920425618;1.0487017576388895;1.0484874124894321;1.0485394114606987;1.0484968703177406;1.0486015231557027;1.048501111589468;1.0485503829068874;1.048484246292658;1.0484999705984384;1.0485001159902252;1.0485760830038298;1.0485437519324952;1.0485039872507425;1.0484124005782096;1.0485431981897415;1.0484208519558742;1.0486175998128853;1.0484270066466097;1.0485304474718011;1.048417660051342;1.048541122062154;1.048539374325663;1.0484071785179392;1.0484789330366178;1.048402681241557;1.0484068425462711;1.048479123455661;1.0483963283745505
18;1.04960138613077;1.049372644791126;1.0496033482917062;1.0490928647606925;1.0490978762794434;1.0493763674474488;1.0489195027937699;1.0488778055128656;1.0488917558234807;1.0489075588321903;1.0489078275650183;1.0488776062369853;1.0488166464040622;1.0488104074344518;1.0488174765542826;1.048801480229449;1.0488087210185792;1.048507755932366;1.0486258323254305;1.0485123560374574;1.0486326845344662;1.0485058504197915;1.0485087889287317;1.0485733009385587;1.0484033985070116;1.0484856662479671;1.0485524528057784;1.0485525184114424;1.0483819611905303;1.0484036512656032;1.0483820969001347;1.0484625470185303;1.0483495322509735;1.0484095006105332;1.0483668615508315;1.0483677557139561;1.0483679011240792;1.0484398489446223;1.0484089113389576;1.0483697774071417;1.0482807906882403;1.0484083575249816;1.0482983768745764;1.048477183596671;1.0482953985904018;1.0484203431705197;1.0482990224132769;1.0484211045763647;1.0484193566398028;1.0482536602043342;1.0483457551231274;1.0482775837707603;1.0482412877265463;1.0483459455663606;1.0482773342835665
19;1.0496275981886196;1.0494747220844194;1.0496361667907326;1.049190098061741;1.0491904304275836;1.0494743144419678;1.0490074674530574;1.0489800573670371;1.0489806877347732;1.048996489403692;1.0489967581137374;1.0489866724491808;1.0489013572141883;1.0488960421029525;1.0489021872973643;1.0488722652727394;1.048884781061592;1.0486219839685336;1.0486824057005464;1.0486162989495393;1.0487396310692956;1.048605841570289;1.0486027442772057;1.0486347514099705;1.048465924912736;1.0485869988226493;1.0486449161341826;1.0486449817340615;1.0484518634682283;1.0484705375938836;1.048451999168777;1.0485664795359113;1.0484164574136898;1.0484952795612783;1.0484337856073362;1.048423927634218;1.0484270891094951;1.0485468454570537;1.0485192029309072;1.0485161241479348;1.0484692145830756;1.048513706119834;1.0484487261642526;1.0485795063010352;1.0484695148136531;1.0484780907698643;1.0484493716103862;1.0484984937702924;1.0484967459627448;1.0484040159070047;1.0484930175534535;1.0484279360423017;1.0483916452036426;1.048491163284933;1.0484276865908786
20;1.0496327513336174;1.0494812074563475;1.0496409811009455;1.049180360432922;1.0491785963122842;1.0494807998164162;1.049030873719649;1.0490250511945278;1.0489988845438516;1.0490202989388613;1.049020567642808;1.0490242207375222;1.0489311773751124;1.0489394625183468;1.0489320074346886;1.048917679261915;1.0489242880212357;1.0486733244022777;1.0487091255074397;1.0486923695943375;1.0487665354684241;1.048691132505073;1.048658950300137;1.0486651198553054;1.0485594908713687;1.0485570545285992;1.0486518882231013;1.0486519538225447;1.0485571360451467;1.0485641031409187;1.0485572717320761;1.048504768131259;1.0485527605003109;1.0485789482751997;1.0485521408608234;1.0485493928286884;1.0485495382136214;1.048496566531136;1.0484589540119829;1.0484480695483063;1.048364131451308;1.048453456885048;1.0483355301525479;1.0485454411876105;1.0483584478943864;1.048405531410079;1.0483294328097563;1.0484230014636509;1.0484116391865292;1.0483008634238395;1.048398436818812;1.048329306057887;1.0483085392434304;1.048386075862375;1.0483290565830001
21;1.0494201066680064;1.0491489080954823;1.04942664379616;1.0486395319098363;1.0486423457265721;1.0491485003264371;1.048385023679849;1.0483574524564085;1.048351470013931;1.0483728976336826;1.0483731665035616;1.048343253182158;1.0482168349934524;1.048224201868769;1.0482176656186968;1.0482172633506328;1.0482185977411904;1.0477437604132656;1.0478585727214895;1.0477735428718802;1.0479053399577238;1.0477723046977807;1.0477045530748872;1.04773291472566;1.047581724830982;1.0474535011607227;1.0476179331452034;1.0476160289369478;1.047578297152457;1.04759002717952;1.0475784329661675;1.0471036954902335;1.047553192988434;1.0476361609400717;1.0475628105681059;1.0475450891740725;1.0475500169799743;1.047358925888214;1.0473225059051534;1.0472997171102552;1.0471768634440137;1.0473219515167056;1.0471260581782027;1.047428814335031;1.0471758616811373;1.0473180924488783;1.047128549821885;1.0473159171952617;1.047304542907319;1.0470910429872273;1.0472395872248224;1.047136295471916;1.0471041445103608;1.0472272125898883;1.047136045712796
22;1.0494119267488602;1.049126297966997;1.0494177861999663;1.0486393583943834;1.0486442697603333;1.0491296703882715;1.0483523008742686;1.0483122217307852;1.0483466185484804;1.0483420699906807;1.0483423388684656;1.0482895094585325;1.048159909541987;1.0481806746808666;1.0481555644606033;1.0481723933670726;1.0481737278147503;1.0476631544081851;1.0478010814214274;1.0477104074521262;1.0478496543243276;1.0477091692034215;1.047636965435183;1.0476717467056778;1.0475141292642132;1.0473655205102466;1.0475697862178899;1.047581186348388;1.0475107013643339;1.047522432148485;1.0475108371868076;1.047012545557575;1.0474855955802376;1.0475685688861591;1.047495213780558;1.0474774912428046;1.047482419366713;1.0472563560183252;1.0472545975287233;1.0472241349652613;1.0471599001998675;1.04725404310432;1.0470846323390122;1.0473317865778091;1.0471602008058372;1.0472651980496666;1.047087124081268;1.047265960295344;1.0472642104308088;1.0470741581995713;1.0472017273781569;1.0470757074077326;1.0470792387222354;1.0471998708231804;1.0470833797508223
23;1.0496139800611262;1.049423108102844;1.0496196689848947;1.049148520530347;1.0491488529093616;1.0494324794262626;1.0489627729124709;1.0489582888375846;1.0489596208580103;1.04895507495838;1.0489553436790346;1.0489574583277286;1.0488321306877522;1.0488528825175913;1.0488277883912422;1.0488446065113635;1.0488459401037884;1.048491270330379;1.0486191329009988;1.0485455823751588;1.0486493054901442;1.0485443451127165;1.0484506627200156;1.048548200664554;1.0483223931676264;1.0484031195605454;1.0484931636833816;1.0485008733176577;1.048286928810872;1.0483286152212627;1.0482940680165478;1.0483357850660244;1.04828553618511;1.0483770346685102;1.0482448438667036;1.0482876605411553;1.0482878059623877;1.0483352534631314;1.0483412152506195;1.0483177172904012;1.0482859267524989;1.0483406614008919;1.0482615333666465;1.048383342883111;1.0482862270355715;1.048335929202828;1.0482583409769977;1.0483352524299763;1.0483287919976187;1.048253845240976;1.0482965740465102;1.0482574738654657;1.0482535092201661;1.048296764498678;1.0482572243734798
24;1.0495801392308588;1.04934900410627;1.0495843375754286;1.049072849804904;1.0490731822078934;1.0493529216625004;1.0488714951868552;1.0488405083153587;1.048841361695578;1.0488308318282884;1.0488301935382751;1.048847825130879;1.0487615233910028;1.0487715068236896;1.0487623535848525;1.0487314917942576;1.0487344985118694;1.0484388595114915;1.0485603245670947;1.0484549698079655;1.0485686963527596;1.0484648336478721;1.048399101891758;1.048505685747081;1.0481827113696773;1.0484169341409129;1.0484845930598203;1.0484846586697305;1.0481272273565085;1.0481816883522825;1.0481436929862036;1.0483800319248797;1.0481500946929827;1.0482657687661492;1.0481093971158983;1.0481522193235646;1.0481523647635875;1.0483639726300926;1.0483616430119032;1.0483544748072482;1.048317142274928;1.0483610891729673;1.0483048295258481;1.0483781710242557;1.0483174425490551;1.0483528808378413;1.0483054750605814;1.0483522040759428;1.0483457437480497;1.0482897664017132;1.0483235717113295;1.048293394901901;1.0482894303924168;1.048323762158594;1.0482931454184663
25;1.049551090574991;1.049321179233811;1.0495592193369314;1.0490177037219293;1.0490227155997498;1.0493249020727178;1.0488285902840193;1.048797602144868;1.0487984555599719;1.0487879252618797;1.048787286945753;1.0488049192597215;1.0487172961685962;1.0487272800222207;1.0487181263974594;1.048687263305387;1.0486902701498086;1.0483845071380937;1.0484987015944274;1.0484128141437772;1.0485218674689236;1.0484226783802963;1.0483799668935545;1.0484424296560038;1.0482183482221061;1.0483691949352978;1.0484368232258383;1.0484368888387372;1.0481812123308902;1.0482113553302062;1.048190672922066;1.048346578534541;1.0481981139072587;1.0482492091082465;1.048197494058115;1.0481839905557193;1.0481871527546778;1.0483250173179242;1.0482956220322568;1.048257803253454;1.0481919378671587;1.0482950681584327;1.0481788964899672;1.048350258087586;1.0481984257793675;1.0483058480108665;1.0481795421022515;1.048306609499882;1.0483048613724129;1.0481238588917423;1.0482459722617594;1.048133784283727;1.048111484881697;1.0482441175562343;1.0481230177434375
26;1.049615047338901;1.049416814469436;1.049617890350178;1.0491270076369354;1.0491273400227654;1.0494241988718338;1.0489315011052052;1.0488811997696434;1.0489262019068808;1.0489216558624124;1.0489219245916286;1.048895962578158;1.048818957222816;1.0488272432523544;1.048819787371205;1.0488054576653567;1.0488120671318069;1.0484783514391336;1.0485657948167968;1.0485048303941504;1.048627133723713;1.0485050145755788;1.0484778488760769;1.0484899530564356;1.0483606646301076;1.0484281580912886;1.0485091371360935;1.0485092027444678;1.0483355314123641;1.0483609173990083;1.0483356671279758;1.0484008788150523;1.0483001214284398;1.048369890431192;1.048317451545105;1.0483075924780094;1.048310754304127;1.0483732777341268;1.0483380154288608;1.0482957462497202;1.048205873722482;1.0483374615774386;1.0482052975817682;1.048418091147492;1.0482170451574198;1.0483269926102234;1.048205943177795;1.0483376692722501;1.0483359211965737;1.0481502613698146;1.0482628489329608;1.0481601865117673;1.0481378876714713;1.0482504863776638;1.048149420242686
27;1.0496662289831709;1.049493921117261;1.0496651419858862;1.0491911191248324;1.0491893550222844;1.0494935134822663;1.049038136701457;1.048998213693493;1.0490042541585298;1.0490256684439199;1.0490259371464914;1.0489973136876052;1.0489464239871054;1.0489436201562832;1.0489472540346148;1.0489329260701015;1.048939534733359;1.048711943686822;1.0487584346689798;1.0487179552067698;1.0487989803323443;1.0487060776821624;1.048699708668456;1.048720860964748;1.0486231454558452;1.0486118351825418;1.0486837087083256;1.048687454093438;1.0486051577055517;1.0486233981614697;1.048605293386267;1.0485840837249039;1.0485847973847335;1.0486454998643708;1.0485944055025715;1.048593733254562;1.0485938786333486;1.0485559253082675;1.0485190449463875;1.0485086380001085;1.0484259063248362;1.0485135481344747;1.0483882412476473;1.0486015883569093;1.0484308891937;1.0484593182526036;1.0483974723559406;1.0484896355564064;1.048487887734092;1.0483859558631397;1.0484597845021137;1.0483687450494135;1.0483856198846713;1.048447424268958;1.0483772486164544
28;1.0496064061393553;1.04940239741958;1.0496053190801067;1.04904646256616;1.049044698220352;1.0494019897490308;1.0488599768784745;1.048821591618347;1.0488261609609177;1.0488475788825686;1.0488478476307643;1.0488201658077305;1.0487466608425429;1.04872829620904;1.0487474910481598;1.0487470889832848;1.0487484226997166;1.048430750605007;1.048526906057259;1.048450072262235;1.048556271215333;1.0484381917028063;1.0483920866061285;1.0484556454965077;1.0482833121570545;1.0483200866900095;1.0483963338783784;1.0483867862559608;1.0482698881586252;1.0482779375777174;1.048270023882733;1.0482708251554533;1.04824480055783;1.048326660917962;1.048254411792063;1.0482367020902856;1.0482416266449213;1.048254600765031;1.0482100352155594;1.0481800168741802;1.048090103619667;1.0482045367832076;1.0480403211916658;1.0483077338380122;1.0480844185767433;1.048193188024117;1.048049555364415;1.0481986998599728;1.0481873351514273;1.0479834661457583;1.0481355764335645;1.0480078339376493;1.0479965565122467;1.0481232123770867;1.0480163404331289
29;1.049619875732191;1.049411421796704;1.049618788686895;1.0491066901945552;1.049107022586822;1.0494170140523178;1.0488849920841177;1.0488644206363624;1.048897990297737;1.0488934441309952;1.0488937128674394;1.0488620031899136;1.048790029314187;1.0487827562675849;1.0487908594854762;1.0487904574370146;1.048791791098292;1.0484340688322045;1.0485649152178227;1.048490178986684;1.0485949249559954;1.0484889416588579;1.0484023430622558;1.048495193069924;1.0482368768291475;1.048346190992166;1.048463441902413;1.0484635075136466;1.0482354912982779;1.0482339284264388;1.0482356270268405;1.0482935495919086;1.0482173355826883;1.0482889139596254;1.0481928913829215;1.04820019469556;1.0482051194217106;1.048296390164878;1.0482523558845016;1.04822300766478;1.0481520745970352;1.0482558955115662;1.048107617024222;1.0483456865337457;1.048146389890236;1.048245201483643;1.0481168506040712;1.0482395282893304;1.0482300947845529;1.048073617189637;1.048206594220581;1.048083223362186;1.0480812946735143;1.0482047394453808;1.0480908883299913
30;1.0496269370438205;1.0494149267207205;1.049625850005836;1.0491148595588282;1.049119768698762;1.0494242981172015;1.0489212494107494;1.0489207583479558;1.0489351819813875;1.0489306359758446;1.0489309047027602;1.0489112640031677;1.048830720050984;1.0488380826144286;1.0488315501900651;1.0488311481573294;1.048832481766868;1.048472306665402;1.048609193252695;1.0485321703048878;1.0486387087868536;1.048530933026622;1.048428230001635;1.0485424633069411;1.0482429814052008;1.0484044670909183;1.0485131208084206;1.0485131864165453;1.0482629738874776;1.0482480773918974;1.0482631096124786;1.0483610191648258;1.0482433610177346;1.048335025487045;1.0482026670619693;1.0482454854592613;1.0482456308863448;1.0483354076885736;1.0483306115401207;1.048310977990801;1.0482922498837202;1.0483341509029613;1.0482799368420395;1.0483850985522556;1.0482925501649814;1.0483250109488556;1.0482805823920969;1.0483208345780135;1.0483163046591357;1.0482648733602398;1.0482986794725888;1.048268501946573;1.0482645373429633;1.0482988699243745;1.0482682524572031
31;1.0496010716938222;1.0494104790423353;1.0496039147429517;1.04906888633727;1.0490737956923355;1.0494100713749228;1.0488795058923663;1.0488532866335252;1.048874809579452;1.0488702633122358;1.0488705320546194;1.0488390940719756;1.0487438947284333;1.0487662347312972;1.0487395520665774;1.0487415072592612;1.048738606444637;1.0484338184513562;1.0485330463946905;1.0484670342415312;1.048544204144832;1.0484657968864004;1.0484005839627808;1.0484466269668904;1.0482424364489031;1.0483197679221172;1.048429284327217;1.0484293499405877;1.0482122365917634;1.0482507335644926;1.0482193763061545;1.0482468512664735;1.048210843866793;1.0483040685612595;1.0481701486485437;1.048212968374167;1.0482131138057613;1.0482287101833718;1.0482134525711544;1.048190335506758;1.0481038356668426;1.0482180566852888;1.048117522901855;1.0482866904935808;1.048118446035291;1.048227292590791;1.0481143300735651;1.0482266157477933;1.0482201546458818;1.0481098337199806;1.0481656961912136;1.0481134628431068;1.048109497652998;1.0481658866671628;1.0481132133168398
32;1.0496456545930988;1.0494786853342422;1.0496484975214808;1.0491906264539643;1.0491909588196398;1.0494782776933294;1.049005845610358;1.0489922079696277;1.0489988976521534;1.0489680217315573;1.0489673835250237;1.0489866805805967;1.0488841178252424;1.0489073781877536;1.0488797757439556;1.0488678037091044;1.0488701787757175;1.0486339643309004;1.04871262982773;1.0486321206083544;1.0487189711688465;1.0486323047674286;1.0486183302365772;1.0486394765834266;1.0485005164910128;1.0485599514658643;1.0486066745126295;1.04858574697908;1.048477138420655;1.0485067374876227;1.0484842763311735;1.0485157709976676;1.0484909787679209;1.0485449374877789;1.0484903590919183;1.0484876108977472;1.0484877562912471;1.0485154662030471;1.0484874546926466;1.0484591718237637;1.0483499797506834;1.04848690092016;1.0483761270618923;1.0485511546832407;1.0483692696541487;1.048496602338639;1.048372935021187;1.0484973636891177;1.048495615879686;1.0483684397766209;1.0484386288579814;1.0483720680045412;1.0483681037925383;1.0484367744932688;1.0483718185398254
33;1.049635369349761;1.04942045235876;1.0496342823205238;1.049145082479249;1.0491484318480135;1.0494336418058277;1.0489699980509006;1.0489629509332954;1.0489409891285348;1.0489304602614347;1.048929822032047;1.048962120427141;1.048865604605142;1.0488638344294576;1.0488664347166121;1.048836511672031;1.0488490278875304;1.048603997009284;1.048679927408569;1.0486006071294958;1.0486862690536023;1.048600791294102;1.048589328510629;1.0485931004681337;1.0484789292270111;1.0485152822051844;1.048596685875102;1.048596751477998;1.0484760917619196;1.0484851503517048;1.0484762274593358;1.0484456278891563;1.048455728934663;1.048521386195796;1.0484653382353002;1.0484646659044778;1.0484648113011577;1.0484666644406133;1.048441870011119;1.0484173219698834;1.0483615474134222;1.0484413162145478;1.0483526847044011;1.0485051679481128;1.0483665305881844;1.0484026576964027;1.0483533302096606;1.0484210173046553;1.048419269367948;1.0483273085343643;1.0484028601960174;1.048316938213655;1.0483269725370998;1.048401005768039;1.048306173554453
34;1.0495653657475579;1.0493133488032174;1.0495642786458186;1.0489615536566035;1.0489695833193027;1.049326539596533;1.0487640386214887;1.048699112522389;1.0487064160138009;1.048748189182894;1.0487484579565587;1.0487063608357;1.0486524854138572;1.0486497913081094;1.0486533156940294;1.0486373168650065;1.0486445587876723;1.048302720023199;1.0484323764351742;1.0483493483541715;1.0484619091367595;1.0483520642111759;1.0482978170128552;1.0483350762596786;1.0481334029518699;1.0482427978081421;1.0483238752800053;1.0483276219507034;1.048095392016829;1.0481264094932334;1.0481048533826542;1.0481641354314208;1.0480992827192888;1.048165003462691;1.0481088952879491;1.0481082227285938;1.048108368174723;1.0481884622355544;1.0481564936628223;1.048148744988933;1.0480903455659578;1.0481509949495986;1.0480612292884572;1.0482315228209007;1.048090645905065;1.0481109335967107;1.0480618749732264;1.0481250202407626;1.0481256318657275;1.0480269381844824;1.0481218850366285;1.0479957183303301;1.0480266020909201;1.048120030111525;1.0479937066076108
35;1.0495616844222888;1.0493339793160616;1.0495605973167297;1.048957982582211;1.0489583150216004;1.0493335716189351;1.0487149439951249;1.0486526093896822;1.0486800013129831;1.0487014222198017;1.0487016910054527;1.048659332286527;1.048583851729506;1.048576577252644;1.0485846820640254;1.0485842799366667;1.0485856138601741;1.0481248613154077;1.048282602229356;1.0482109089084104;1.0483499106050322;1.04819902563823;1.0481161253781461;1.0482414400213953;1.0479460378704497;1.048113790542658;1.0482002056756656;1.0482039527884035;1.0479045727415672;1.0479390431614282;1.0479140358302517;1.048033556873471;1.0478963946514548;1.0479668294630982;1.0479137314449682;1.047914625994819;1.0479147714678185;1.0480560462437358;1.0480195544123183;1.048007463064761;1.04793796573806;1.0480140549806032;1.0478913955616287;1.0481019194722825;1.0479382661208425;1.0479969911764497;1.0478852956345477;1.0480069941345391;1.0480067475298045;1.0478743916344677;1.047959708076345;1.0478490426602962;1.0478740554919779;1.047947341944904;1.0478514438614854
36;1.0494639947648714;1.0491772425015187;1.0494629075581146;1.0487163887872486;1.0487116056494672;1.0491806147590435;1.0484427129177978;1.0484178830676476;1.0484386059761048;1.04843405781739;1.0484343266715845;1.0484239758450606;1.0482660670654784;1.0482587903833536;1.0482668976517118;1.0482664954025744;1.0482678297304604;1.0477066262229568;1.0478711568895864;1.0477899871069287;1.0479502930012505;1.0477780990629038;1.0476965619807848;1.047791725422011;1.0475895960934347;1.0475587187286015;1.0477227006652443;1.0477094636944562;1.047528994333913;1.0475898490483744;1.0475384608154248;1.0474766897917707;1.0475359432002846;1.0476274606554896;1.047521542826394;1.047506650546762;1.0475145972475977;1.0474479176005436;1.0474107183777488;1.047388747332404;1.0473341920858132;1.0474101640359756;1.0472938450580316;1.0475273992684215;1.0473344926417554;1.0471637049614497;1.0472877416505395;1.04708407803587;1.0471099163644435;1.0472591438454544;1.0473503440769116;1.0472876147718158;1.0472668273002008;1.0473379707506003;1.047287365048788
37;1.0495769546506952;1.0493662866821516;1.0495797977651447;1.0490156133757433;1.049020522980124;1.0493696583321659;1.0488147060053172;1.0487746445341293;1.0488090261849699;1.0488044796325957;1.0488047483918352;1.0487519422764664;1.048692718679198;1.0487000822113945;1.0486935489275202;1.0486931468420089;1.0486944806270417;1.048322013746378;1.0484394699064885;1.0483624682970447;1.0484729877584622;1.048361230818503;1.0482661423754123;1.0483570182223898;1.0481153540935173;1.0482042362845294;1.0482822535756746;1.0482766693304475;1.0481000093636779;1.0481236522151036;1.0481001451097836;1.0481149698315646;1.0480718012290373;1.048179837403102;1.0480287590325765;1.0480464507059757;1.0480543933138826;1.048122756240885;1.0481079868129382;1.048072065597339;1.0480138185585828;1.0481074328399635;1.047999401172752;1.0481800346339083;1.0480081331018436;1.0480642327953646;1.0480000468956163;1.048064981267756;1.048050188848814;1.0479437079055074;1.048060853953646;1.0479533152688658;1.0479513863411278;1.0480589989205276;1.04796098118684
38;1.0495898338420053;1.049365461421929;1.0495887467656098;1.0490201109788952;1.049025020562226;1.0493710539224754;1.0488202249764773;1.0487933286862732;1.0488140764911207;1.0487956953976805;1.0487997268200804;1.0487791353133322;1.0486971979930078;1.048704561493806;1.0486980282377796;1.0486976261539356;1.0486989599332706;1.048336967723375;1.0484424340631013;1.0483705185202095;1.0484761430636225;1.048369281051164;1.0483135291887906;1.0483263612878517;1.0481195753110844;1.048192504787807;1.048295747050573;1.0483034581367319;1.0481289400921996;1.0481338438301224;1.0481290758345558;1.0481077910645478;1.0481084344686147;1.048183517890852;1.0480653937766866;1.048110880141335;1.0481110255870938;1.0481050741210942;1.048085091619086;1.0480389080081867;1.0479550567238816;1.0480845376340013;1.0479460813656751;1.0481576392643919;1.0479555599845505;1.0480424930078058;1.0479428880150499;1.0480483690463418;1.0480509118116208;1.0478867284865214;1.0480275157629495;1.0479274245729608;1.047879764460074;1.0480256606708207;1.0479271750023997
39;1.049826157687223;1.049737209680583;1.0498312385775364;1.04960513472548;1.0496054669590844;1.0497429847029909;1.0494876573566567;1.0494976509237721;1.0495037406934489;1.0494825228374085;1.049481884945807;1.0495022559407885;1.0494480958425199;1.0494487727697097;1.049445721575052;1.049438092342567;1.0494429275275317;1.0493035126931929;1.0492003551799347;1.049299754108437;1.0493327957370604;1.0492949023668723;1.049303462097041;1.0492709957789728;1.0492887712124983;1.0491999416621882;1.0492727042471706;1.0492754404406102;1.0493094651655825;1.0492942716035731;1.0493094244514247;1.049155170122028;1.0493057643500814;1.0492748835861163;1.0492884248590337;1.0493129956418232;1.0493135705151473;1.0491329694517308;1.04914922724841;1.049104342410931;1.0490367900586106;1.0491492442357482;1.0490866517501176;1.0491750269306965;1.0490494402369717;1.049095016145431;1.0490825301786002;1.0491068144388578;1.0491123247883005;1.0490714253040325;1.0491242873109856;1.0490711495131486;1.0490603299841545;1.0491265098900742;1.0490777060465413
40;1.049650188012413;1.0494907486443443;1.0496579800400334;1.0491919830508647;1.0491923154152956;1.0494905255772549;1.0489561584904674;1.0485963376593468;1.0489560441093224;1.0489486477720888;1.0489442474389359;1.0487153621524434;1.0489300741855851;1.048933260903909;1.0489276987455713;1.0488912772150798;1.0488971564132605;1.0487879176077457;1.0486925113990953;1.0487705658198716;1.0488063677206074;1.048772857737579;1.0487852801585624;1.0487908303933087;1.0487748476899166;1.048723901622229;1.0487838904289901;1.0487866278976916;1.0487789514448336;1.0487743840961332;1.0487789107100842;1.0486851627473555;1.0487734172113112;1.0487152774747412;1.048751251493194;1.0487813125022443;1.0487818876670003;1.0487016457540146;1.0487036906715719;1.048669523588008;1.0486707951069232;1.0486987655051532;1.0486873373244356;1.0487338284496477;1.04867856537078;1.048678994639511;1.0486870505664327;1.0486948207539069;1.0486964734753377;1.0486795366232502;1.0487013523024284;1.0486402698680803;1.0486804686366331;1.0487035757778618;1.048628781439551
41;1.0491985389008112;1.0487579774050098;1.0492010469508342;1.0480665484702094;1.04807156488409;1.048753599938286;1.0476167219088335;1.0472215770897817;1.0475706651597807;1.0476017684328298;1.0476020374997481;1.0473462856000773;1.0474188196416232;1.0474160860097574;1.0474183297278563;1.047391182422988;1.0473911549336992;1.046423311159465;1.0468069188206823;1.0466545068650022;1.046964699417668;1.0466625399225629;1.0462928442056838;1.046851321856616;1.0454790119513377;1.046814429677089;1.046850969774282;1.0468537122973316;1.0454853827546078;1.0454764309861668;1.0454853418915364;1.046788482074945;1.0454777312677288;1.0445808356332869;1.0454499726352926;1.0454864084944173;1.0454869854717765;1.0468190170968426;1.0468144410930669;1.0468028141163719;1.046816643525331;1.046809507038058;1.0468089756748828;1.0468270043142924;1.0468162956830813;1.0467950076265677;1.0468086884023435;1.0468072684017016;1.0468088524966348;1.0467927254135387;1.0468204824821101;1.0467577898668752;1.0467904190358073;1.0468227099524479;1.0467467265368509
42;1.0493041408754884;1.0490021054537644;1.049324305229111;1.0484404952138018;1.0484370924107684;1.0489901662003156;1.0481192832166886;1.0480684751947593;1.0480896721218502;1.048120759993456;1.0481210289271459;1.0480876836710185;1.0478982332243938;1.0479063900522123;1.0478925664991723;1.0479114830814404;1.0479104131635482;1.0470904479115242;1.0472949341148372;1.0472586903385432;1.0474802421589184;1.0472595623773122;1.0470435875408322;1.047275950926048;1.04656035784808;1.047075528626059;1.0472504807463072;1.0472569070248472;1.0464399755444922;1.0465642611345978;1.046439934718695;1.0467202378866192;1.0462634532287323;1.0465938879411933;1.045791528922724;1.0463330092898326;1.0463335858003795;1.04703133384515;1.0470280346664191;1.0469861980022095;1.0470230600889523;1.04702805168816;1.0470201924393538;1.0470610779107363;1.047022712315268;1.0469692328463198;1.0470199052247633;1.046991520563538;1.0469941782886019;1.0470083440022444;1.0470087608567378;1.0469826446799337;1.0470053902162768;1.0470004675638702;1.0469776954726115
43;1.048575048298999;1.047883373406485;1.048593056221238;1.0466554580327148;1.0466520494264895;1.0478771427032543;1.0459170060644791;1.0458598426370913;1.0459151367212558;1.0459148426927458;1.0459130909337437;1.0458815516401414;1.0453948969581706;1.045399364417928;1.0453970940747486;1.0454288538250023;1.045427781366467;1.0438579209714443;1.044167304829772;1.0437560016684826;1.0444740620356776;1.0438489954907837;1.0438146217856346;1.0440363422583563;1.0433123570493095;1.043362727540115;1.04388244405972;1.0438888910706938;1.0431759813135912;1.043307049141136;1.0431829781271993;1.0428895653945673;1.0429992048745451;1.0434707597546544;1.0425388599322296;1.043070160412636;1.0430737702678348;1.0430749703961486;1.0430329894158525;1.0429885364975975;1.0430249035620458;1.043033006502789;1.0430008956339296;1.0432961347100402;1.0430245544553773;1.042096453637751;1.043009237251595;1.0418392467168116;1.0419948865898938;1.0430211601322597;1.0429998587048692;1.0430094324661618;1.0430181950556605;1.042993588999492;1.0430150329821963
44;1.0487220798277885;1.0485739266524505;1.0486980090210334;1.0479116497121599;1.0479041750859;1.0485756209143031;1.047539039194049;1.0475041953539221;1.047552549365721;1.0475450530842274;1.0475406132196796;1.0475102652114425;1.0472892983295017;1.047286044791706;1.0472979383154564;1.0472821474301568;1.0472933146904713;1.0465028980081368;1.0466034291182391;1.046332044187588;1.046852179543411;1.0464307175620309;1.0465362717321798;1.046674646177323;1.046411288772532;1.0464639830074536;1.04663373252376;1.0466364756160529;1.0463450645813612;1.046416804288629;1.046361381388279;1.0464033366867975;1.046321637317356;1.046458002033409;1.0462926106315027;1.0463575443359883;1.046361142851003;1.0463414423942146;1.0463177322391648;1.0462877500791654;1.0462390911892336;1.046310225647036;1.0461951201688187;1.046448057878082;1.0462327472009376;1.0458969705264667;1.0462034363204522;1.0460542934554014;1.0460424515398425;1.0461247438145151;1.0462622491461793;1.0461262229648363;1.0461277809178935;1.046269051907635;1.0461490529549897
45;1.0498781288291001;1.0500866291939848;1.0499541044726028;1.0502106675196794;1.0502080111771022;1.0500890819243849;1.0503006493880322;1.050255725810771;1.0502916706712275;1.0503099710530073;1.0503093001214445;1.050258502795305;1.0501493650973384;1.0503433346242828;1.0502249626069426;1.0503056754149978;1.0503198919465988;1.0504623650145526;1.050449264648111;1.0505365404069336;1.05047363684888;1.0505416181307097;1.050538599262422;1.0505312439290821;1.0506167241158781;1.0506254184023898;1.050566452694543;1.0505612538299034;1.0506445019498545;1.0506288135727606;1.0506522826812303;1.0506358609181394;1.0506343857215659;1.050596154136204;1.0505985567351064;1.0506677338802979;1.050673934099779;1.0506276376786479;1.0506973149829668;1.0506964402204768;1.0507737372714523;1.0506899550942168;1.0507726157085049;1.0506216912373467;1.0507639443201575;1.050645284409981;1.0507723080646705;1.0506543125520647;1.050655082415619;1.0508173247124493;1.0507556142375882;1.0507534265698908;1.050828777910668;1.0507674558470244;1.050781900605263
46;1.0497564824395123;1.0498609407125397;1.049838104696433;1.0500168098213736;1.0500115983285394;1.0497868883265276;1.0500866798052535;1.0500995088866107;1.050102645197824;1.0501335221378032;1.050137548385513;1.0501035463675505;1.050119233487393;1.050140476667408;1.0501294905712757;1.0501016609702085;1.050120203775972;1.0500986378871633;1.0501580809438456;1.050197568369085;1.0501920299338998;1.0502026477317445;1.0501366557493665;1.0502221849103672;1.0499625682819493;1.0503031598141819;1.0502467253502459;1.0502624263495046;1.0499311718394806;1.0499729322528633;1.0499296486415626;1.0502929603810434;1.0498035671166468;1.0500029364306815;1.0494307971662757;1.049859103890575;1.0498653088855412;1.0502941353570565;1.0503683711513694;1.0503680931806678;1.0504234534004788;1.0503563073523197;1.0505161165009969;1.0502883367810731;1.0504257506904109;1.0503387837370113;1.050507240581115;1.0503526159047467;1.0503627683359138;1.0505886076586952;1.0504200714935847;1.050539530208374;1.0505920691193262;1.050435215306747;1.0505513793423695
47;1.0496650025974714;1.0494524578838862;1.0496821961922536;1.0493283909420168;1.0493192137251268;1.0493759280464268;1.0491483347433102;1.0487981741208603;1.0491891573665217;1.0492086085103072;1.0492102204290663;1.0489343598240037;1.0491588381038754;1.049176366562303;1.0491694490954195;1.049117102606191;1.0491330076526628;1.0490826737899157;1.0490508196625006;1.0490873234601075;1.0490888980574384;1.0491061032958529;1.0491755398857467;1.0490646387059235;1.0493726412835598;1.0488849162509466;1.049020048792893;1.0490357681515674;1.049403410001608;1.0493737067328976;1.0494052120799489;1.0486216490280154;1.0494158081362948;1.0493040850052695;1.0493661331644115;1.0494440775153093;1.049445511388467;1.0487977818526915;1.0487956330102879;1.0487435382472892;1.0487223250124267;1.04878448353123;1.0488262250486138;1.0488712820616815;1.04872623087932;1.048822277129219;1.0488240744801258;1.0488384952064802;1.0488469470806288;1.0488778883823373;1.0483813566787485;1.0488159018925391;1.0488813554884235;1.0484640312125166;1.0488236468800203
48;1.049295468435079;1.0488537141479062;1.0493065340258279;1.0483965981140793;1.0484046320445677;1.0487674721692848;1.0479941725607653;1.04765566635061;1.048041024851771;1.0480314497043002;1.0480409639831316;1.0477904218742586;1.0478411822011773;1.0478893591196998;1.0478518065356914;1.0473394874269124;1.0475274161566965;1.0476663038597644;1.0476439352186921;1.0476270187500123;1.0477077101822125;1.0476522914814181;1.0477451302476217;1.0476296029379368;1.0479113154407709;1.0473570100018785;1.0475910539718207;1.0475991443013315;1.0479240427322631;1.0479138646771218;1.0479275148267058;1.047063765123537;1.0479503774463843;1.0478536932961624;1.0478985666888372;1.0479789695736943;1.0479804054513997;1.0472112030866974;1.0471918705010026;1.047104856251374;1.0470610034216306;1.047188127903234;1.0471230522853618;1.0473420035956822;1.0470483992955189;1.0472500784600889;1.047120898219025;1.0472580643879401;1.047267387917087;1.0471451187477026;1.0465069812025807;1.0471033453452498;1.047136542659992;1.046451996447188;1.0471111029994666
49;1.0496832227834585;1.0495092876228505;1.0496956393790284;1.0492630537791112;1.049271081075512;1.0494869209522744;1.0490409685231865;1.0490681615921558;1.0491013914962937;1.0491162173070456;1.049122363288582;1.0490930585130223;1.0489238709787427;1.0489804444377098;1.0489232681898504;1.0486783527258674;1.0487836862291215;1.0483488134068801;1.0487837811664982;1.0486212564002781;1.0488433476641557;1.0486489424138135;1.0485236708811205;1.0487913835748863;1.0481649129402917;1.0488604621494417;1.0488407721849473;1.0488525320461108;1.0480609864718835;1.0481782585710344;1.0480624325873062;1.0488193832685015;1.0478833275921258;1.0482836197804646;1.0473720431058722;1.0479748137210072;1.0479779298003111;1.0488761661811425;1.0489323477935029;1.0489297067575185;1.0489998267511478;1.0489229244977978;1.0490492511452374;1.0488801977065438;1.0489868812721859;1.0489142427445646;1.0490471010339475;1.0489298230477864;1.0489384885690058;1.049027506791503;1.0489444976394515;1.0490085799629616;1.0490167085940358;1.0489575392475177;1.0490119152881228
50;1.0496764900091073;1.049522353306949;1.0496902617854236;1.0492578841409794;1.0492582164829065;1.0495135479016604;1.049020748352915;1.0486583091003616;1.0490200362275284;1.0490312383459597;1.0490373848253531;1.0487991378000754;1.0489442169372856;1.0489624504165458;1.0489432075924054;1.048922753233358;1.0489294985850584;1.0482528833351312;1.0487000157561184;1.048634423811253;1.0487865321153598;1.0486395107452504;1.0484104855316418;1.0487198591265274;1.0479998536453985;1.0487468715248407;1.0487578367823844;1.0487695975734765;1.0478459332322523;1.0480042604089375;1.047858248766834;1.0487056760409978;1.047723105535574;1.0481438104984955;1.0472264986810684;1.0478216015871513;1.0478209361513278;1.048743023013034;1.0487822151583812;1.048749977666664;1.0488018979212104;1.04877125202097;1.0488640700088947;1.048763187010121;1.0487914426491718;1.048751171977224;1.0488619195180018;1.048772306587966;1.0487820454863377;1.0488362467652783;1.0487555622106668;1.0488066942366545;1.0488325230993722;1.0487647133517912;1.048815121625695
51;1.0502352616773087;1.0503638895157563;1.0502578378722467;1.0505413084977824;1.0505416404312662;1.0503510783343812;1.05056896851546;1.0501972436943923;1.0502835342914685;1.05057044636637;1.0505699097593826;1.0503312013596537;1.0506470190830328;1.0506662696580895;1.0506655119257566;1.0506484337759268;1.050656751663088;1.0504307383818599;1.050724048436502;1.0507093147878788;1.0507865617419265;1.0507100832427;1.0503943420771482;1.0509341704824322;1.0495108204388508;1.051242040423893;1.0510423348191078;1.0510583966138;1.0491861127091637;1.0495279216870044;1.049190679124912;1.051323405792658;1.0487532856918034;1.049777507086926;1.0473562763167203;1.0489903743037623;1.0489927544395725;1.0513712659948182;1.051497564199143;1.0515081403481579;1.0517997968106128;1.051479966840686;1.0519436714851502;1.0512595543447234;1.0517827674695095;1.051496573440716;1.051938739849787;1.051497094520519;1.0515123545452374;1.0520343332069448;1.051600510076295;1.0519848703364092;1.0520424720335506;1.0516055688013843;1.0520022792445736
52;1.0506538806728578;1.051028037787929;1.0506830816106587;1.0515935770469422;1.0515888070658812;1.0510235195031714;1.0519070703959859;1.0519163049427602;1.0516101755883782;1.051913383015958;1.0519153592281414;1.0519199815823252;1.0520695120709689;1.052083752733259;1.0520893279451597;1.052041727984318;1.0520604781393696;1.052505738248623;1.052454814441321;1.0525905957985342;1.0524526060339348;1.0525913628799608;1.0525902475564417;1.0526581855535055;1.05249970499848;1.052909921734116;1.0527173670390433;1.052702965817017;1.0525165175646485;1.0525314737651226;1.0525140942808802;1.0529866014650642;1.0523970146514914;1.0525551147898438;1.0519803290452843;1.0525260672859096;1.0525288444945495;1.053011720627997;1.0531480271855804;1.053164715927309;1.0534150565992884;1.0531323145149452;1.0535129535922607;1.052901934114254;1.0533995058414587;1.0531357546269458;1.053516572988801;1.0531352891316046;1.0531398868335795;1.0536288532012235;1.0532248047363124;1.0535142378914482;1.0536254677671708;1.0532388293643176;1.053551157580281
53;1.0503531632647374;1.0506080587247635;1.0503922583075818;1.0509376059902222;1.050942506543913;1.050602927239391;1.0511247275503048;1.0511850771339855;1.0511098089695432;1.0511604927387421;1.0511707830603776;1.0511892721030778;1.05111032084221;1.051131117841925;1.051127118893502;1.0511076190558766;1.0511215124877011;1.0509011843404983;1.050979521271971;1.0511945068595965;1.051197442641017;1.0512058899005305;1.0510463968214125;1.05129689749318;1.0507056078796377;1.0514551672271275;1.0513039340014543;1.051290941991593;1.0506664584386964;1.0507380644657371;1.0506538812097863;1.0515112756447342;1.0504771409848095;1.0508311951886895;1.0500465181201257;1.0503734476419977;1.0502847053930666;1.0515198870939093;1.0514884888255172;1.051625299030392;1.0518515695307196;1.0513657417483566;1.051938605014591;1.0514392934498498;1.0518300316468852;1.0516907965634836;1.0519316857265673;1.0516786978678516;1.0516860747796006;1.0520956612706147;1.0516955520183073;1.0519909548699584;1.052097428761147;1.0517098025703926;1.0520200431426594
54;1.0505383296953303;1.0508372648243018;1.0505634719260726;1.051278171593046;1.0512830705592366;1.050830344723896;1.051522612418585;1.0515573108085827;1.0514815303008833;1.0512894639925314;1.051365710292873;1.0515530186881867;1.0516587737810974;1.0516463449427425;1.0516532051464758;1.0513800448732271;1.0514680545784014;1.052029684550361;1.0519548522492812;1.0520574216128167;1.0519450278312485;1.0520798581733795;1.0520956491690772;1.052086370899632;1.0521604814906245;1.0522478329895666;1.052151193215662;1.0521748552631192;1.0521451690859263;1.0521686818722964;1.0521333747888912;1.052276350841253;1.052067170161392;1.052133377796937;1.0520796694883854;1.0518311939621539;1.051704274822334;1.0523082101312062;1.052283722276303;1.0524280413940343;1.0526550914569044;1.0521610679786055;1.0527967398435207;1.052115731298783;1.0526443932897442;1.0524720094532993;1.052781276611568;1.0524575958937874;1.0524662493267802;1.0529324778472564;1.0525363720877965;1.0528634430083614;1.0529303786188005;1.0525607326018331;1.052870820928384
55;1.0504396674638854;1.050661641902364;1.0504595310657674;1.0510173964234413;1.0510177282065698;1.0506516230549516;1.0511784203701142;1.051191243062755;1.0511536094217062;1.0509690329500376;1.0510395361821108;1.0511949910605678;1.051282916544141;1.0512571004786648;1.0512772610342562;1.0512518426874151;1.0512500246925667;1.0513818055779771;1.0513536413100142;1.0514189813362937;1.0513511031601195;1.0514414315198244;1.05145397376426;1.051283735028247;1.0514513218128831;1.0514202186671082;1.0514571815088707;1.0514769069179792;1.0514157631256518;1.0514595277250909;1.0514059758700045;1.0514199476813004;1.0512592494389388;1.0514632662115275;1.0508749415575505;1.0512694798524373;1.0512390548870303;1.0514174766114133;1.0515072174816313;1.0515130524837293;1.0515929729217115;1.0514949677905978;1.0516316141025897;1.0512799899730978;1.051595080262122;1.0512208965060457;1.0516199593817248;1.05108594003249;1.0511718885821664;1.0513551633655254;1.0516084567581767;1.0515632374936337;1.0511886413440394;1.0516240826091943;1.051570624535596
56;1.0501415722137144;1.05021899334627;1.0501614414538958;1.050285320988042;1.0502856530024256;1.0502052176488408;1.0502683310145016;1.049965157870729;1.0502669904085828;1.0503148519912298;1.05031887750505;1.0500749912915337;1.0498557729514952;1.0502236834591092;1.0498715371140852;1.050223048968225;1.0502288075264048;1.0503460499520492;1.050312177560519;1.050392420889948;1.0503052631079237;1.0504038126225046;1.0503700031240473;1.0503577990513464;1.050364743017596;1.0501078113418902;1.0503628563955099;1.0503826023541618;1.0502902577560838;1.0503678871641315;1.050289961966194;1.0502099380214334;1.0501190938231708;1.0503710230210204;1.0497207870470306;1.0501438407614174;1.050112925656297;1.0502355032924626;1.0503276956563063;1.0503340541209676;1.0504286531376157;1.0503160373852194;1.0504768759898877;1.0500979428094526;1.0504340400828736;1.0500402622438676;1.0504719374687774;1.0499055422937142;1.0499913732885606;1.0501484575141111;1.0504247239328957;1.0503991471518508;1.0499776476732534;1.0504352165094337;1.0504119923135045
57;1.0513673838687194;1.0520214387321267;1.0513860234146934;1.0529378912041965;1.052886327059121;1.0519994682399065;1.0537058990361103;1.0534206287136836;1.0536901296749792;1.0534529889448025;1.0535449309135902;1.053537802823229;1.0537939919893897;1.0541004727676742;1.05380807814165;1.0541615473862862;1.0541550310538668;1.0553447148054773;1.0550596312643228;1.0553573054332028;1.0549749013896144;1.0553713325544534;1.0554255674899071;1.0554269958352869;1.055654809541169;1.0558340500477;1.0556142908621566;1.055640900522818;1.055533186166371;1.0556542087635532;1.0555347960986474;1.0560970194620465;1.0554356623985595;1.0555882203021765;1.0551626525547873;1.055304238445341;1.05519504252883;1.0562541557439726;1.0564806358421213;1.056516127474071;1.056940684247861;1.056471311409465;1.0570428567586285;1.0560276637901655;1.0569329415163995;1.0565651748715081;1.0570342503393149;1.0565474082831752;1.0565771515460767;1.056782052272484;1.056775157637895;1.0570337094405036;1.056618559079483;1.056806890861439;1.0570472030172569
58;1.0518988300403815;1.052840274736142;1.0519196766733556;1.0542829723378708;1.0542264615222336;1.0528319415611993;1.0553805368187128;1.055433445448182;1.0553880161066094;1.055465223825366;1.0554690961361095;1.0554454075585546;1.055734934790541;1.0558619153089692;1.0557858314281143;1.0559121655410497;1.0559042567342098;1.0573776839891413;1.056926258164846;1.0572855687743437;1.056821504004573;1.0572890167080193;1.0575097193424507;1.0573059018423387;1.05805341795519;1.05780872248293;1.0574864660560366;1.0575130286178798;1.058073764070677;1.0580562160480982;1.0580889469625268;1.0579565090626872;1.0580460958479574;1.0579051206050052;1.0577700226579252;1.0580905036854547;1.0580563877614764;1.057861837099123;1.0582730169679024;1.05830486545095;1.0586929012639332;1.0582637083247985;1.0588070193325263;1.0578964496603118;1.058676644680063;1.0583356145558398;1.0587984272499027;1.0583276987072054;1.058357391948139;1.0585781279977502;1.0585666656149912;1.0587566626002727;1.0584214756438979;1.0586052206797905;1.0587690267296477
59;1.051534587338068;1.0523154152210747;1.05155901114209;1.0534322852230145;1.0533787335728968;1.0523037975447687;1.0543465639260161;1.054400314806573;1.0543261546534473;1.0544366896424262;1.0544373913483411;1.0544116786479192;1.0544827468292925;1.0547046444805286;1.0545674577410922;1.0547503976732058;1.0547389366113513;1.0558227761599752;1.055238006001703;1.0558223737244834;1.0554574524227311;1.0558315129220612;1.0559096738356593;1.0559098611738769;1.0560695756609886;1.0564659661131413;1.056102178301982;1.0561287756722322;1.0559878339848152;1.0560723790091675;1.0559960946792728;1.0566283200699889;1.055496301552934;1.0560212622375755;1.0555063627824346;1.055884065193793;1.0558498779872987;1.0567196475757366;1.05695954002714;1.056998340010136;1.0573696147947096;1.056950219818675;1.0574881521241457;1.0565262733882128;1.0573577023628187;1.0569641882706013;1.057479122671249;1.0569722744694174;1.0570039204851598;1.057293588179802;1.0572215740011885;1.057422574636897;1.0571326514476969;1.0572517879772243;1.0574427986606447
60;1.0517073961989034;1.0525560655661335;1.051733862024017;1.053882369146135;1.0538757515214299;1.052555870151156;1.0547192162234036;1.0547872230225273;1.0547000274496678;1.0548113325553974;1.0548210860948974;1.0548071977192406;1.054864094391443;1.0550798290108623;1.0549545219647292;1.0549772319502317;1.0550283244208525;1.0563149278589634;1.0556736099175899;1.0563029990591482;1.05588555384209;1.0563226974099575;1.0564199110591026;1.0563174427800743;1.0567578917947105;1.0569397408052639;1.0565382774902135;1.0565683756329223;1.056751214368806;1.0567596014221508;1.0567511615534353;1.0570941454978722;1.05628729309097;1.056666365102452;1.0562956577869567;1.0566957131654264;1.056707027275324;1.0571935010432758;1.0574075560712044;1.057463516101671;1.0577759018496238;1.0573933384124936;1.05789293586708;1.0569947145843641;1.0577621511118929;1.0574355157659945;1.0578928445642874;1.0574330804493672;1.0574600412245398;1.0577118055471868;1.057663481482212;1.0578844439067925;1.057543555252418;1.0576936828372792;1.057882095809087
61;1.0518954793279875;1.0528475358164129;1.0519219404215112;1.0543560511921977;1.0543529219723038;1.0528510415922216;1.055249265733971;1.0550674616901143;1.0552611519358253;1.0553241606175285;1.0553363132322051;1.0551729924267137;1.0555148167276538;1.0557095486560217;1.0556054304019542;1.0557665113040413;1.0557648426628083;1.0571434151188517;1.0564886563639435;1.0571273360412643;1.056651039181165;1.0571541082912321;1.0573001803072204;1.0571823657333972;1.0577844461246382;1.0579581398636269;1.0574362724702062;1.0574664854106977;1.057824324938118;1.0577861540932938;1.0578246327079044;1.0581306969837616;1.0577065129413474;1.057654167473221;1.057459743445304;1.0576686755264455;1.0575952371661905;1.0582994424426466;1.05854805167007;1.0586553995397676;1.059044277600139;1.0585338493262475;1.0593164558866526;1.05804614097593;1.0590501063458075;1.0585990921219732;1.0593125669312515;1.0585802868377572;1.0586055190183863;1.0595384651272528;1.0589265349215895;1.059460936080962;1.0595269299933434;1.0589650768878522;1.0594689955341563
62;1.051268922039376;1.051871783447001;1.0512901221762911;1.0527773821231563;1.0527791401712374;1.0518761506513108;1.0532896731736998;1.0531131522883082;1.0532929639665072;1.0531023396172514;1.0531835391231767;1.0532188788302783;1.0533871797373817;1.0535932911496309;1.0534787647646984;1.0536659747800923;1.0536584230602077;1.0544380811619933;1.0542323962518547;1.054443897248867;1.0541592535834838;1.0544707376174132;1.05451660250904;1.0544691016766883;1.0546382200234035;1.0547243938681623;1.054563170107398;1.0546010649238653;1.0545382840420223;1.0546319378185942;1.0545385927706854;1.0547848035505214;1.0540011710474635;1.0545627058696945;1.0540216484485116;1.0542856605711795;1.0542119865651105;1.054814661673527;1.0548967317138938;1.0548440491721107;1.054626020898084;1.054887393282608;1.054449290652703;1.054769753944302;1.0546353432670394;1.0550864548367371;1.0544368477344295;1.0550670841316212;1.0550981478948642;1.0529934536028698;1.0548638759453899;1.0540651341097238;1.052320599326235;1.0549025663166203;1.054078862412734
63;1.0536194133970285;1.055713366143931;1.0537205676559456;1.0588090463382216;1.058814493011305;1.0557188181741335;1.0606587176467588;1.060528373264864;1.0606310634489455;1.0605919370568826;1.0606628614596834;1.0606457006689063;1.0616043175306875;1.0617472054936337;1.0616801569880971;1.061928819046134;1.0618921700353057;1.0648710522431308;1.064020934894912;1.064691826544893;1.0637410399434102;1.0647308643702467;1.0650888837754946;1.0647897876461683;1.0658662654481394;1.0661346352444583;1.0651737927212386;1.0652234695367686;1.0663219802957926;1.0659578716381204;1.066328129360722;1.066453023432992;1.0660521584644083;1.0657776130689642;1.0663965544781082;1.0664711197166656;1.0664824180816148;1.0667643613781115;1.0672352381322416;1.0673827412052557;1.0682782837236557;1.0672436654100608;1.068675832953218;1.0662838306828621;1.06827507330351;1.0672473169535726;1.068655218666163;1.0672168038643584;1.0672553759777605;1.069046976747417;1.0678942620135912;1.0689374906196354;1.0690533875672081;1.0679565014939332;1.0689521092576393
64;1.054141442268752;1.0562099445317867;1.0541658394526612;1.0594975553045458;1.0594984667129939;1.056212473638327;1.0615034780559862;1.0616782981117483;1.0615686320704822;1.0617077173906309;1.0617127615024717;1.0616907410894032;1.0623676541148779;1.0624903004658541;1.0624402546175546;1.0626865413003188;1.0626499184195548;1.0657312004394162;1.0647054246073862;1.0654608737343139;1.064457156280519;1.0654928497882616;1.0659844822529538;1.0654111844205283;1.0674590236440247;1.0664994507387628;1.0657466668422277;1.065775721452593;1.0677810830037082;1.0674451801987237;1.067787223666975;1.0667748935057728;1.0679079401411473;1.0668143974396826;1.0679495087983135;1.0680025941326685;1.0680168369203658;1.0670320095949413;1.0674679253031274;1.0675727193431832;1.0681170890630793;1.0674763507441953;1.0686852815723527;1.0664077055259737;1.0680052362436971;1.0675208956927449;1.0686646674675435;1.0674896601993007;1.0675282224546196;1.0690251124708379;1.068014663426976;1.0689524840694558;1.0690236049282444;1.068076895892056;1.0689623498731062
65;1.0543192486595045;1.0564906163285694;1.054347554002258;1.0599639086246093;1.0599672236796476;1.0564837416433126;1.0620953350816025;1.0622565263302621;1.0621580797260872;1.0622847510681264;1.0622851822399892;1.062273287208239;1.0633151804881287;1.0631720311136952;1.0632776874851468;1.0633699692165262;1.063338573270591;1.0666197241924964;1.065476660799478;1.0662912428731888;1.0652165672337939;1.066323194029794;1.0669063259665437;1.065759617968289;1.068627665799836;1.0674188324611735;1.0665785635349168;1.0666206612154945;1.0689177480139316;1.0686166670232877;1.0689276057223613;1.067740139292913;1.069058780132537;1.0681352787947087;1.0691003040555396;1.069170032050768;1.0691795739848915;1.0680037435302185;1.0684298854417993;1.0685384444823998;1.0691023789189547;1.0684383032980496;1.0696866403197614;1.0675807284255485;1.0689927762387685;1.068492607507788;1.0696726535196077;1.068466528690245;1.0685144885733844;1.070013461923503;1.068986272755503;1.069940900575879;1.0700119557732153;1.0690484486669851;1.0699507572667677
66;1.0544373825439937;1.0566608730725282;1.0544656847159424;1.0602514769796572;1.0602510974948225;1.0566597644829265;1.062463904608502;1.0625892875943832;1.06252270420875;1.0626277587288162;1.0626340584375555;1.0626164945737242;1.0637397286985253;1.0636186760289008;1.0636993106664094;1.0638013415683625;1.0637699583527347;1.0671771987191263;1.0660585306469996;1.0668610418146283;1.0657646848003521;1.0668825175633565;1.06748868139608;1.0663745307042967;1.069225543711197;1.0681862975149816;1.0672240690801154;1.0672661413027045;1.0695458808852865;1.0692204033570611;1.0695557328050147;1.0685262805492144;1.0696972030612686;1.0687399849737278;1.0697842492615908;1.069829628540723;1.0698338180052998;1.0688255066131902;1.0693008907384667;1.0694718320310614;1.0703654204395356;1.0693093017388255;1.070741700353835;1.068349444446955;1.070350547194785;1.0693182225826634;1.0707361332755148;1.0692900037781392;1.069339118369644;1.071145882926795;1.0699533965082915;1.0710100298021388;1.0711508491226354;1.0700175197224562;1.0710101175923317
67;1.0544717537743924;1.0567097008522415;1.0544961433168782;1.0602866506677868;1.060288269748836;1.0567159816019378;1.0624875729793428;1.06259671417308;1.062449390091966;1.0623551495210137;1.0624406813644247;1.0626110278368355;1.0638584580605914;1.0637223787630015;1.063823503902215;1.0639210780629922;1.063884497675537;1.0674216172592361;1.0662828501829367;1.0670983498700906;1.065973705598579;1.0671141946764835;1.0677096862247777;1.0670804101003042;1.0695141124762533;1.068421133151782;1.0674870294783432;1.0675290913389042;1.0698677938631425;1.0695089735089045;1.069865853803581;1.0687542656127784;1.0700272229542038;1.0690150171445298;1.0700966604534938;1.070138459121561;1.0701426473772282;1.0690740146433257;1.069510740054034;1.0696732870653176;1.0705190158341162;1.069519149404275;1.0708578296747946;1.0685616816612418;1.0705102030074214;1.0694953170180228;1.0708672363620726;1.0694770349400233;1.0695217325446855;1.0713093693960016;1.0701374541994888;1.0711657085122068;1.0713178170520743;1.0701892717017043;1.0711666190300468
68;1.0540356014142287;1.056047555008381;1.0540652637957595;1.0591588875600644;1.059100256715658;1.0560615823595878;1.061323895720442;1.0614399620195634;1.0612853612083257;1.0611910172512413;1.0612766429144371;1.0614271374401245;1.0625381444224828;1.0624463193263738;1.062526561855935;1.0626364855790422;1.0626056910220805;1.065971019222097;1.0648263632960313;1.0656325641676652;1.064522850312587;1.0656589012769482;1.066227757261498;1.0655333126449678;1.0680849281065277;1.0666346425933377;1.0659091591423302;1.0659512832559985;1.0684237274988744;1.0680739237416133;1.068421784817428;1.066970806180043;1.0685829780690237;1.067570268257214;1.0686525093795036;1.0686929426511504;1.0686975354984674;1.0672425650915203;1.0676751485165061;1.0678483951817006;1.0687253171533215;1.0676835723225084;1.0691720107302485;1.066803390182327;1.0687206535382945;1.067248555854154;1.0691575952100836;1.067091285202343;1.0672116270099086;1.0695816955764672;1.0683303222914726;1.0694463891878334;1.069593200791629;1.0683822274317702;1.0694576077028373
69;1.0553459981091156;1.058018801865976;1.0553791386165312;1.0621684364487396;1.0621163617737028;1.0580297869970128;1.06499755864042;1.0651505647984145;1.0650294473314939;1.0649271297242735;1.0650121892946092;1.0651574891458304;1.0666661197113334;1.0664475031826437;1.0666254639477237;1.0666877476269565;1.0666434578512225;1.0709880896547792;1.069540590938476;1.0705694591285062;1.0691498031933389;1.0706095406268021;1.0713383327388266;1.070440850514459;1.073505432095061;1.072019363247811;1.0709260510973984;1.070989528362931;1.07396695061202;1.0734996759280087;1.0739643290074385;1.0723875169858514;1.0741370202146803;1.072920790498092;1.0742336138735107;1.074266476005192;1.0742740081486313;1.072776410738238;1.0733293749220996;1.073563334527771;1.074745918532426;1.0733351559336732;1.075264330708768;1.0722191090328812;1.0747385566969057;1.0729023364284356;1.075246361198125;1.0727489323081516;1.072884859448548;1.075784020948839;1.074203117819191;1.075616692106796;1.0758004028624866;1.074280911017295;1.0756285627180302
70;1.0553197671598544;1.057924460931914;1.055336263668475;1.061888527129092;1.0619530912294959;1.0579277182325113;1.0647451706164794;1.0648889175241756;1.0647688897553633;1.0645971491634583;1.064656952329985;1.0648928621324851;1.0664055570020612;1.0662084093344188;1.0663648913055335;1.0664167735955552;1.0663764193841496;1.0705674097173683;1.0692266813074855;1.070178558728846;1.0688744667850993;1.0702295296495845;1.0708622897559237;1.0702008379686505;1.0726962608543213;1.071820264441003;1.0706613514958414;1.0707248444513267;1.0728181705666535;1.072682802272928;1.0729051218753038;1.0721817979305739;1.0732075337945464;1.0721798724907592;1.0732883448953734;1.073318991767172;1.0733176158707725;1.072623224052249;1.0731819271545882;1.0734134624296368;1.074598274023796;1.0731877089603072;1.0750767202483977;1.0720273488980323;1.074586342882798;1.072968357536933;1.0750536709265108;1.0728680650581837;1.0729693433109493;1.0755943289652954;1.0740493350076066;1.0754556897293752;1.0756159864738277;1.0741271393417349;1.0754530810460172
71;1.0548764771959223;1.0572438408496043;1.0548929806357417;1.060825301500656;1.0608848227078371;1.057247100246837;1.0633906509786766;1.0635663066517633;1.0634332224188239;1.0632612661182617;1.063321144416051;1.0635787998169937;1.0649079229965814;1.0646870810979656;1.064872671202826;1.064927219683518;1.0648909791920556;1.0686075645099467;1.0673443279583434;1.0682210402097776;1.0670250897142453;1.0682721045167907;1.068912307275502;1.0677135003340046;1.0707860112092404;1.0695174008480564;1.068556178839089;1.0686001935962637;1.0708891354136156;1.070762588286269;1.0709762433304275;1.069617885629789;1.0712708679515284;1.0702639096822004;1.0713308865295739;1.0714042097921;1.0713977075113714;1.0701862445928718;1.0707053372242892;1.0708455020678789;1.0716545064727387;1.070715972564219;1.0723422308670185;1.069699940123702;1.0715522893291438;1.0705533792381643;1.072319122775783;1.0704453358539476;1.0705468432899665;1.0728348071003948;1.0714253782931347;1.0727163219357179;1.072866560736498;1.07150537382706;1.0727137065918906
72;1.0548035839383876;1.0571320721910291;1.0548200885185317;1.060663617721434;1.060723704168721;1.0571353319328125;1.0631360761751902;1.0633386963613634;1.0629578439300844;1.0630004500310302;1.0630603430193815;1.0633612561941252;1.0646873332120614;1.064449727543758;1.0646520741152288;1.0647156604129537;1.0646759926168419;1.0682936070442874;1.0671306240416825;1.0679815793912455;1.0668182010869836;1.0680287748542037;1.068548017940913;1.0675410715506126;1.0701197386349244;1.0694717434371999;1.0684275939954904;1.0684846566878448;1.0701270359853756;1.070085586446412;1.0702326179253445;1.069821756012373;1.070319049015584;1.0696713979853196;1.070550487638109;1.070650166315939;1.0706493058334976;1.0701684573333001;1.0706890719457183;1.0708310937703918;1.0716382347273155;1.070699707447196;1.07234601558613;1.0696651310132361;1.0715311610084226;1.0705221096745987;1.0723288188133804;1.0704089442811222;1.0705010400380228;1.0728663351243668;1.07141399799816;1.0727394216143473;1.0728928017277655;1.0714939943815913;1.0727427706882282
73;1.054892538455951;1.0572576121329857;1.054909041644563;1.0608945126735618;1.060957771563258;1.0572666330823024;1.0634275293376279;1.063591883526264;1.062848036248543;1.0636467415816149;1.0636493915048875;1.0636217805613724;1.0649889190022497;1.0647727277425567;1.0649503738405852;1.0650112010637887;1.064976739614395;1.068589030123454;1.0673387703012756;1.0683674826023073;1.0672034905162098;1.0684076466952308;1.0687890155403146;1.0684693589317888;1.069969474060153;1.0701234677832074;1.06895587286994;1.0690129073682324;1.0698366540540296;1.0699437840680504;1.069692758616493;1.070526696082772;1.0702187915514376;1.0696321293954163;1.070318106676467;1.0701130252263829;1.0700037339083417;1.0709006777178278;1.0714814253856708;1.0717075873563617;1.0728908725580364;1.0714920530235812;1.073357535476109;1.0703111778185728;1.0728779955163879;1.071251860828988;1.0733524882737466;1.071139608954334;1.0712270306391478;1.0738909088272415;1.0723438377379304;1.073761936914544;1.0738964562353646;1.0724217657879538;1.073765282799723
74;1.055046738783472;1.0575162247438021;1.0550684971799957;1.061286543917996;1.0613573869152146;1.057525243487405;1.0636834952189105;1.064140887114477;1.0635834200786511;1.0641748817671763;1.0641729284100834;1.0641639479757987;1.0656001177635914;1.0653805576232533;1.065560349690625;1.0656191200826073;1.0655846782914253;1.0693548292812873;1.0683399256294825;1.0691453591873863;1.0679752332016799;1.0691750583476112;1.0693152553502732;1.0693051289993607;1.070923909998135;1.0710974856431381;1.0698231327429646;1.0698801210162527;1.0708731924343124;1.0709049560205341;1.0707109738176634;1.0715319578869327;1.071229717075884;1.0705472950498358;1.0713289385231175;1.0711831766667965;1.071099974406704;1.071957881748716;1.0725320466345938;1.0727564853152014;1.0739202801564864;1.0725426638637034;1.074399168098019;1.0712970632986578;1.0739119866384648;1.0725581858719027;1.0743941257883014;1.0725280881706611;1.0725811333810014;1.0749338892463645;1.073389668341161;1.0748037661236505;1.074940188455052;1.0734675204805624;1.074807108766155
75;1.05625232284262;1.0593245002923626;1.0562758124265728;1.0641624178179998;1.0642236676556507;1.0593302033304803;1.0672267654820011;1.0677364637670388;1.0675420364344421;1.0677975243054867;1.0677936968585306;1.0677454249591638;1.0694897654677058;1.0692276265237397;1.0694544172451814;1.0695078681934993;1.0694636661971784;1.0744766881582632;1.0728725800411996;1.074000537345;1.0724030255856825;1.0740342181060847;1.0748047862688015;1.0739808507830202;1.0771289029138134;1.0759598221115552;1.0745632664389286;1.0746252176746935;1.0774855077961831;1.0771071668932082;1.0774305384438267;1.0764365035082706;1.0777415967699744;1.0764838595983655;1.0778588571152883;1.077925988017682;1.0779336576805578;1.0769034482352318;1.0775335065556335;1.0777926300867118;1.079116258825972;1.0775403756377862;1.0796629966579208;1.0761806682466417;1.079112559994466;1.077497436419692;1.079647832128355;1.0774884079739269;1.0775534542141134;1.0802580237939488;1.0784999014926553;1.0800725954798456;1.0802821985905318;1.0785853124588514;1.0800660736987115
76;1.0565540169008791;1.0597875301494464;1.056577499778654;1.0650950580226608;1.0650909279088423;1.0597932306962234;1.0683513202194648;1.068541542049761;1.0684315961471247;1.0686536872266448;1.0686544455058116;1.0685499891695391;1.0703107671851055;1.0700414381541286;1.0702754460742143;1.0703309719627359;1.0702763365315384;1.0753549640791118;1.0736886117629636;1.074865838706583;1.0732337313497962;1.0749098724073833;1.07571357678511;1.074793684463615;1.078086524478373;1.0767593759334637;1.0753637988377975;1.0754331560598263;1.0785844266436817;1.0780726288919793;1.0785814132450195;1.0772452030515867;1.0787157172690027;1.0774387735038367;1.0788345265335324;1.0789065339425576;1.07891883956083;1.077709262486082;1.078343227817312;1.078594997822134;1.0799221678045312;1.0783548975827684;1.0804419329996273;1.0770001014431199;1.0799139260079014;1.078285495506895;1.0804182330219074;1.0782708979353905;1.0783389728339623;1.0810354529450215;1.0792987434788135;1.0808422798797952;1.0810596103605252;1.0793840912432657;1.0808298430311487
77;1.0564126688477846;1.0595674329126026;1.056430904086827;1.064693982513848;1.0646974087601293;1.0595769926447676;1.0678397829485393;1.068035368695027;1.0679187869515152;1.068124374570945;1.0681296521702082;1.0680475612018434;1.0697294772260117;1.0694661231887488;1.0696941369237003;1.069738025773624;1.0696877809023724;1.0744613946207593;1.0729521296707738;1.0740268990003412;1.0725354934805083;1.0740779443927135;1.0747750959628186;1.0739978314817424;1.0768028745936906;1.0759686206741523;1.0746037813302223;1.0746691136638018;1.077192317420595;1.0767889624445182;1.077189300128148;1.0764232119684278;1.0769545454516354;1.0762465425926768;1.077307327533843;1.077416807227007;1.0774247081286215;1.0769104776463783;1.0775382401663953;1.0777838425003703;1.0790858975113806;1.0775499186483126;1.0795797044309594;1.0762073014230424;1.0790776493284273;1.0774989528161367;1.0795520347762286;1.077498815059068;1.077561982534894;1.0801444346738822;1.078477768094888;1.0799502559889937;1.0801763866612044;1.0785631808135376;1.0799641915250546
78;1.0565379671214812;1.059759878403173;1.056556200198318;1.0649939550862906;1.0649990426365152;1.0597694363996335;1.0682221565789918;1.0684632099124713;1.0683035761311626;1.0685274154255466;1.06852817379431;1.0684805156091726;1.0701663599494364;1.0698707778886107;1.0701387272583902;1.070171553774862;1.0701254790043668;1.0749774486902683;1.0734513550024651;1.074535628970659;1.0730081136211806;1.0745866502011188;1.0753179689476033;1.074533546244634;1.077539348813535;1.0764699534605233;1.0751049147687777;1.0751493526534526;1.0779453970069224;1.0775196739338642;1.0779423818221137;1.0769099383188054;1.0780682746712749;1.0769169300684704;1.078140101987827;1.0780411909848069;1.0779663004351836;1.0773927373262275;1.078014455255124;1.0782428460817612;1.0795512043292255;1.0780261285789703;1.080032204035006;1.076706441266322;1.0795429597008854;1.077979687276234;1.0799977380716477;1.0779795495821844;1.0780426888931283;1.0805990394907292;1.0789305327820256;1.0804487555006035;1.0806366804150405;1.0790057025472772;1.0804609296436958
79;1.0563395075607702;1.0594664628028998;1.056357744062548;1.0645005399487601;1.064506335388748;1.0594700809683493;1.0676128856888492;1.0678420748916324;1.0676934993182978;1.0679174664054483;1.067918225207302;1.0678520091531298;1.0694825198672864;1.0691734075552628;1.0694548695096906;1.0694724291465731;1.0694321169773273;1.0741864820647886;1.0726142910458245;1.0737061624600863;1.0721917841857012;1.0737572230974615;1.0745511081220118;1.0731920570689557;1.076948705773149;1.075492942078427;1.0741809470545045;1.074225423154396;1.0774177229489346;1.0769219680451374;1.0774229564983842;1.0759276159021567;1.0776260625238157;1.076272530398458;1.0776979193006204;1.0777621459149596;1.0777664728881544;1.0763653527019037;1.0769764398634223;1.0771822761387297;1.0783773500637674;1.076988124436244;1.0786329390496177;1.0757235838085204;1.0783769897889204;1.076981558009587;1.0786744504176378;1.0769739410515173;1.0770371393069396;1.0794551558494527;1.0778335548902167;1.0792837411336555;1.0794803059266929;1.0779088011435276;1.0792874269786112
80;1.0558679416160954;1.058742095537159;1.0558861862611502;1.0633595081998408;1.0633576163491583;1.0587457161776666;1.0661932848075724;1.066421551752806;1.066245833108468;1.0664974545664963;1.066497718848945;1.066431499244627;1.0678902298142476;1.0675949568094794;1.0678625382332523;1.067866449292662;1.0678312579318132;1.071765368510322;1.0706292397051476;1.0715094858036311;1.0702563618565544;1.0715536574045157;1.0719784062021263;1.0711451546901238;1.0732456292080155;1.0734268227109802;1.0721454074518364;1.0722029652430636;1.0728099284408465;1.0732144365610894;1.0725090831900432;1.0738567788866493;1.0735950648577037;1.072848776401006;1.073667191298385;1.0737374274367157;1.07374430600313;1.074288811209429;1.0748933344126856;1.0751182558721644;1.076264959794719;1.074900220363864;1.076562820901271;1.0736557931211717;1.0762751857481494;1.0748696528979367;1.07661097744335;1.0748366961876714;1.074904054118702;1.0773484401399358;1.075770556457684;1.0771941986030633;1.077363251827202;1.0758561840686074;1.077197891596495
81;1.0558487524014142;1.0587412978544297;1.0558691471892938;1.0634310122574848;1.06342912052497;1.0587503061639776;1.0663108646596238;1.066505676448691;1.0663366930512699;1.0665666347791465;1.0665712924842996;1.066528686186244;1.0680646121320252;1.0678079530729017;1.0680395160393177;1.068047634625153;1.0680140238738445;1.072487085468702;1.0710173612637175;1.0720479260182165;1.0706201652251275;1.0720879522505689;1.0727904595013456;1.0719723472617004;1.0749816684297266;1.073612454007527;1.072480496002859;1.0725328113483952;1.0753860248211276;1.0749574109184075;1.0753993435782636;1.0740089054335817;1.0756000958801883;1.0743584797734507;1.0756965582129423;1.0757565565674592;1.075764073603128;1.0743902139027919;1.0748955773879951;1.0750726988215789;1.075787452526036;1.074901349977528;1.0765048290352077;1.0737974722769905;1.0756913845738836;1.0749979457596115;1.0764792040534168;1.0749693579040303;1.075025622562209;1.0770384660485108;1.0756098017023166;1.0768935178542889;1.077050813395108;1.0756894860992285;1.07689156171241
82;1.0555160092430635;1.058230429067589;1.055536410459223;1.0626229727230556;1.0626211805218697;1.0582394417253196;1.0652934545007924;1.065506852296573;1.0653539412664879;1.0655644243594344;1.0655702106356553;1.0655298835997726;1.0669394474461722;1.0666842392554168;1.0669143248907316;1.0669053889796603;1.0668685106728062;1.0709234813697464;1.0696251131723011;1.0705349991401703;1.0692618684017272;1.0705685308307018;1.0709209759192235;1.0700831254031589;1.0733613202968282;1.072171624640815;1.0710220425992092;1.0710744291686256;1.073812251547602;1.0733448818048292;1.0738168588294295;1.0725740630089005;1.0739972924037087;1.0727795738167067;1.0740764317581402;1.0741563797541622;1.074163907986494;1.0729628444736226;1.0734836726911483;1.0736621116986909;1.0744525664784181;1.0734942805098204;1.0751221584036326;1.0723485629192473;1.074338395205382;1.0735734530906877;1.075096080814008;1.0735448273052355;1.0736011666106722;1.0756698631955977;1.0742093586492332;1.0755047716503476;1.075694404492409;1.0742883675125594;1.0754968638958162
83;1.0558011312129674;1.0586778166427568;1.055822874065097;1.06331634460681;1.0633219951736217;1.0586848174315486;1.0661600558144662;1.0663805958601091;1.0662192609908656;1.0664174292566264;1.0664265147042946;1.0663879179252964;1.0679196198714562;1.067663112013955;1.0678945203718098;1.0679087347277898;1.0678631227733701;1.0723399999655308;1.0708109715062843;1.0718643801023002;1.0704335395594182;1.0718978702123232;1.0726620187783964;1.0713859822832983;1.0749124338883511;1.07358808150037;1.0723034052066196;1.0723668009550655;1.0753654398200976;1.0749065485653004;1.0753644063986758;1.0740191866301716;1.0755480818254537;1.0742951238520695;1.0756090878479052;1.0756960522162582;1.0757035696746777;1.074418548326266;1.075011070600716;1.0752320434664948;1.076380133808505;1.0750216633500735;1.0768600335151834;1.0737957901675503;1.0763656072459395;1.0750615970776811;1.0768339980059567;1.0750330109145951;1.0750892722418894;1.077404752939151;1.0758579450146972;1.0772370707314547;1.077429254727278;1.0759348403788451;1.0772270294612116
84;1.0555688217207118;1.0582979879703367;1.0555905693572416;1.0626235785983704;1.0626700749376528;1.0583033305436371;1.065563827410248;1.065760560393629;1.0656231390655133;1.065814831587625;1.06582524443824;1.065775904073554;1.0672821076097398;1.0670378271062209;1.0672519102639615;1.067294745482948;1.0672446763123418;1.071479220047306;1.070106051113987;1.071111651030615;1.0697518543763016;1.0711461074175002;1.0717424525802144;1.0711147171398978;1.0735226122780412;1.0728548517986676;1.0716042862054702;1.0716718086807664;1.0738643978706213;1.0735066227094856;1.0738633630048806;1.0732730007064384;1.0735941472939516;1.073043597351219;1.0739710824526532;1.0740697671864112;1.0740802825864866;1.0736789888698144;1.074265319144884;1.0744821501428954;1.0756119469855139;1.0742759192464755;1.07605450476563;1.0730808854152087;1.0755985067231004;1.074271051778127;1.0760340887956021;1.074251251773127;1.0742981721790554;1.0766077921007422;1.075102518183538;1.076454764880182;1.0766378836439994;1.0751802463162692;1.0764666262512106
85;1.0555026131030822;1.0581814983460758;1.055519106754427;1.0625803421730697;1.0625816295770605;1.058183093911656;1.065231650839738;1.065421196666482;1.0652781727035767;1.065467182251124;1.0654730021480845;1.0654328974175467;1.0668786650150914;1.0666202213925895;1.0668484562512661;1.0669059139134003;1.0668599889614938;1.0710015303351659;1.0695457689471748;1.0705404340603475;1.0692137763512508;1.0705819089569426;1.071322159701084;1.0699865752309625;1.0734586329615838;1.0720114934961242;1.0709004170901881;1.0709643808990164;1.0738710639258686;1.0734390457138823;1.0738825071129336;1.0723918647158195;1.0740715064565058;1.0728592119556963;1.074169376508491;1.0742038794296593;1.0742195731206274;1.072750695201797;1.0732791880439387;1.0734440933776392;1.0741602087239666;1.0732897978833078;1.0748247109255364;1.0722231931832313;1.074040804096079;1.0733376916825854;1.0748117848453367;1.073315877272125;1.0733628385621008;1.07524937750521;1.0739667052745603;1.0751752880663785;1.0752938578543494;1.074034261124318;1.0751871635501256
86;1.0549051482777918;1.0572873515627175;1.054921651269152;1.0610950002099504;1.061099322841719;1.0572906108258338;1.0634024789398226;1.0635989965468355;1.0633832201507285;1.0636319536627996;1.0636377836004796;1.0635941401998683;1.0648440956008396;1.0645596141367182;1.0648189236158268;1.064828473374127;1.0647942280726677;1.0683698128266916;1.067030573306564;1.0679357494577633;1.066745533814476;1.0679829469456998;1.0687002701854569;1.0672967451800073;1.070798548444821;1.0687879743439441;1.0680963949526796;1.06815302377355;1.0712235833290253;1.0707847561999557;1.0712350547935945;1.0690245032912242;1.0714176013046273;1.070220067130487;1.0714843319659304;1.071572283112953;1.0715837889354318;1.0692492219711016;1.0695888296893918;1.0695891829402466;1.0689994606424011;1.0695994761293504;1.070016339437486;1.0689421942956323;1.0685631016670578;1.0697890261263543;1.0700954360495287;1.069776134876608;1.069828055377064;1.0707248097944295;1.0698400829821397;1.070602529096657;1.070753384282002;1.0699042873780091;1.0706136321442319
87;1.05483166127495;1.0571983122538204;1.0548464069625345;1.0609908165795878;1.060997414960177;1.0572012053966213;1.063317862711963;1.0634927877809113;1.0633466278637076;1.0635222165112135;1.0635363622216563;1.0635051453079216;1.064762476398642;1.0644918675205477;1.0647399015148877;1.0647453503938036;1.0647158354791186;1.068205615930972;1.0668783491030862;1.0679186888198833;1.066780811613389;1.067954730581718;1.0684485322032964;1.0679313086286337;1.069909829124125;1.06935176144199;1.068334589109357;1.0683729165088354;1.0701722134833291;1.0698830606312026;1.0701845121425835;1.069683392021881;1.0702024676264996;1.069527085564496;1.0698592015641248;1.0704077708228843;1.0704154930925425;1.0700048591757427;1.0704888513970958;1.0706396931625854;1.0715651215847202;1.0704983709856641;1.0720321947223794;1.0695327747148278;1.0715642057992798;1.0705445377048557;1.07202207129497;1.0705270766098172;1.0705731400942402;1.0724832224807954;1.070891626733078;1.0723580773691321;1.0725014407761226;1.0707835109080721;1.0723507897121645
88;1.0550498065397418;1.057549284021904;1.0550684587111203;1.0615507137631544;1.0615573086638321;1.0575521762046756;1.063992594519934;1.0641994729514443;1.064047835870496;1.064216393996056;1.064230530480407;1.0642203607683438;1.065542632981084;1.0652958780129504;1.0655200746243085;1.0655507045857135;1.0655116697812306;1.0692278313535384;1.0680167855431832;1.0688988194315054;1.0677062243276803;1.0689348281504707;1.0694671607520831;1.0688933720860831;1.0710846349885401;1.070326083443412;1.0693152736500227;1.0693665979390226;1.0713824331730937;1.0710523290403131;1.0714000967922683;1.0706763584411723;1.0714765102460098;1.070627536278664;1.0715613555804264;1.0714625407899316;1.0713930552071973;1.0709989304987262;1.0714632806449353;1.0716095459346142;1.0725060059411793;1.071472791577323;1.072943967265537;1.070497766064969;1.0725100442832274;1.0715570575783864;1.072927264557438;1.071531320302687;1.0715819503744397;1.0733732765294182;1.0718675374676043;1.073261380931387;1.073395261772176;1.0717697980556442;1.073248137773457
89;1.0549794691504826;1.057418944619636;1.0549981225652638;1.0613912282370528;1.06139936569716;1.0574335519931146;1.0637883452472683;1.0639756568099485;1.0634538134776566;1.0639732462437665;1.0639873859583475;1.063997067137314;1.0654070854888327;1.0651716651878969;1.0653845242623314;1.0654151581200935;1.065376118349787;1.0692813388320201;1.0679948598621627;1.0689170442727305;1.0676570701304038;1.0689530523778532;1.0695584275619623;1.0688732238913672;1.0715093046005928;1.070296620171323;1.069302642242667;1.0693502892839408;1.0719046185500511;1.071484099492691;1.0719131556968433;1.0706451023641006;1.0720224908601665;1.070958606434309;1.0721201137534242;1.072199518491636;1.0722072278582322;1.070965558640571;1.0714232220216517;1.0715757092386;1.0724811360612934;1.0714278963428192;1.0729094781743866;1.0704676210934283;1.0724728861132573;1.0715129038205826;1.0728971901692115;1.0714837417688399;1.0715362627990317;1.0733632756138358;1.0718300352980055;1.0732628104967876;1.0733865880537168;1.0717378991176703;1.0732598373426498
90;1.0543094268577093;1.0564073005724144;1.0543294411867214;1.0597505231004287;1.0597633050229953;1.0564161556563252;1.061768783192055;1.0619762574937468;1.0614190280574105;1.0619496926620258;1.061967674692635;1.0619819525262442;1.063165259796731;1.0629295242820684;1.0631426510015947;1.0631584395755735;1.0631249661781206;1.0662343100416813;1.0652057208091112;1.0659570804217269;1.064951984029801;1.0659866091662806;1.0664451991890218;1.0659476585750556;1.0677312798148053;1.0670350163302091;1.066302557005721;1.0663507556085958;1.0681958122274322;1.0676352981580866;1.0682064904396784;1.0668427784005308;1.068048646390079;1.0674900805222312;1.0683398103168165;1.0684373329840378;1.0684450694935306;1.0676057082162038;1.068035417530638;1.0681433546700942;1.0688630612937615;1.0680401066766507;1.06944976471648;1.0671870425502772;1.068775064908577;1.0681483373694949;1.0694346148579492;1.0681190834656489;1.0681717699158517;1.0699099539351098;1.0683829858348382;1.0698027613130785;1.0699287034172122;1.0682905523518833;1.0698057593339796
91;1.0545013646026757;1.0567120661865606;1.0545213752892504;1.0602116840750422;1.0602242074410169;1.0567135424057512;1.0623503966467114;1.0625182839636147;1.061994025316244;1.0625148185479536;1.062532791015407;1.062532017986082;1.0637848079544816;1.0635689518553415;1.0637571127441712;1.0637898661145457;1.0637564125843004;1.0671545177266528;1.0659828329466292;1.0668299155103689;1.065723289139252;1.0668555355433742;1.0674070917878968;1.0667779772666142;1.0689526339895605;1.0679421277933345;1.0671091815572626;1.0671701383734558;1.0694993460599587;1.0688567620043063;1.0695103834098953;1.067934920054436;1.0696632474136476;1.068640972502497;1.0697527647712712;1.0697926387058039;1.06980504794721;1.0685274257860908;1.0689556759445733;1.069050623585134;1.0696969962065435;1.068965209184794;1.070330101608768;1.0681011530101516;1.0695770413689554;1.0690787021285855;1.0703120431372606;1.0690529051918742;1.069103652622787;1.0707763342767938;1.0692876332649048;1.0706739595792423;1.0707965964274628;1.069193272965676;1.0706769551610535
92;1.0544917816685961;1.0566767358008107;1.0545065321082876;1.0601651009139073;1.0601630768370078;1.056679630371472;1.0622635186995601;1.0624387685274077;1.0619341198697916;1.062431038301263;1.0624490121858177;1.06245626469091;1.0636712406802693;1.0634578350203947;1.063643542513231;1.0636479182422172;1.063615487104956;1.067018741482436;1.0658458854873076;1.066672003967916;1.0655659432695412;1.0667151133898776;1.0672479080196655;1.0665984617634507;1.0687689584153177;1.067782318803945;1.066949744389398;1.0670126576139423;1.069270610347644;1.0686740368328977;1.0692816500583564;1.0680313405656872;1.0693641343481584;1.0684486833526443;1.069469709324327;1.0695441264283523;1.0695565385527332;1.0683230965506278;1.068698208685204;1.068767686644991;1.0691623848512668;1.0687077442217903;1.069706322150487;1.067940679200102;1.06905612523068;1.06884373213795;1.0697008265679462;1.068815051752346;1.0688563807777467;1.069765454718505;1.0688919015773726;1.0699409336011185;1.0696431116313319;1.0687871998254217;1.0699439312349108
93;1.0535979152917703;1.0553654660537637;1.0536171895985835;1.058249078338904;1.0582494078484606;1.055376409338852;1.0599705832116206;1.0601311597459815;1.0600170330078411;1.0601409352393054;1.0601504069874288;1.0601373134479437;1.0610432837544865;1.060854837111568;1.0610258461157014;1.0610069810278497;1.06098321102908;1.0636898093483131;1.0627331292828346;1.0633713929595583;1.0624990585314527;1.0634108365446295;1.063875371624615;1.0632895898208203;1.0653356519417279;1.0641488833727064;1.0635707509920682;1.0636153737156389;1.0656292525565154;1.0653267806225124;1.0656410245315324;1.0640649950643821;1.065718056496345;1.0649541228671449;1.0657887614095594;1.0658533311095364;1.065862361453289;1.0645722508753144;1.0649505926027487;1.0650545514919574;1.0656584600843568;1.0649579142046643;1.065853961642853;1.064259590639805;1.0656391515615142;1.0649638221577538;1.0658502030081984;1.064960294858214;1.0649900709749671;1.0657478590364373;1.065396328644124;1.0659478953347836;1.0656074559868254;1.0654403508688488;1.0659512734597665
94;1.0531962322330846;1.0545695119645297;1.0532155138902017;1.0574054385258136;1.057405768298249;1.05466009397353;1.0589673122072583;1.0588486992384871;1.0590009016868605;1.0591249227464477;1.059134403579995;1.0589571758281946;1.0600062918698008;1.0598186899854665;1.0599900887649711;1.0600017195988354;1.0599768966273913;1.0624184164880703;1.0615655038472578;1.0618885441023749;1.061371628314793;1.0620220320851772;1.0626028209486367;1.0621409490106863;1.064050189640866;1.062989681943385;1.0623950110577154;1.0624223750443296;1.0643481535139698;1.0640460450179492;1.0643666293392569;1.062899159092096;1.064478628149614;1.0636875724551182;1.0645627962302413;1.0645974456754947;1.0646059225851223;1.0634239775283332;1.063805775356411;1.06389874892368;1.0645130736051336;1.0638131048365682;1.0647540847559964;1.0631020530055264;1.0645012740984368;1.0638671230574828;1.0647418689756032;1.0638546986538986;1.0638939796382607;1.0646536345214177;1.0642623490267997;1.0648227287114649;1.0645051977544124;1.0643187809091548;1.0648210609046458
95;1.0531464630968579;1.0546726833162225;1.053168379281736;1.0571879341796389;1.0571882640199164;1.0546759200908933;1.0586294827621958;1.058471371434921;1.0582545143147652;1.0587358991733724;1.058747779528311;1.0585867441748118;1.0597025183145945;1.0595255898612999;1.0596863105653564;1.0597017140822984;1.0596754560001742;1.0621311685985972;1.0612679949814439;1.0615918233969812;1.0610789908635714;1.0617284391641395;1.0623273232749255;1.0618414736919999;1.0637615192240424;1.06274452209589;1.0621088288485196;1.0621387503114545;1.0640436095790677;1.0637395344847276;1.0640689901025786;1.0629208215013757;1.064219192416052;1.0633927421101137;1.0642879011041437;1.0643300074622335;1.0643355156493317;1.0631605754815245;1.0634598287899775;1.0635190256052083;1.0637163404430896;1.063467160654154;1.0641550938021882;1.0628565621662414;1.0636105965566183;1.0635356996027123;1.064142871146401;1.0635266629094204;1.0635678588812103;1.0640226577954521;1.0637918966391646;1.0642101996807871;1.0638752404981664;1.0638483534741565;1.064203913447652
96;1.0531912339307794;1.0547142420069604;1.0532139594932606;1.0573108117775496;1.0573136785175712;1.0547449355023704;1.0587845988442994;1.0585863875003803;1.0583858860184119;1.058923045135583;1.058916290790469;1.0586939643648312;1.0599150557851347;1.0597524419623923;1.0598988512856757;1.0599118963462446;1.059886535846115;1.062506536860559;1.0615410273045793;1.0622116962659172;1.0613674575741947;1.0622511178839766;1.0627043202778015;1.06214619170219;1.0641893947733918;1.062993487637833;1.062417454787608;1.0624604845924543;1.064459191452838;1.0641652111351676;1.0644809890702098;1.0631705810921663;1.0646249807363801;1.0637813051946226;1.0646918320016596;1.0647249945094421;1.064726740504457;1.0633671990025348;1.0636595107591507;1.0637041606541742;1.0637067626647612;1.0636668412470827;1.0642937419819853;1.0631004531947654;1.063641919634037;1.06371432541594;1.0642777409125972;1.0637136442124273;1.063750189195528;1.0642260583647176;1.0639470223928542;1.0644060904953359;1.0640954076392881;1.0640047531587438;1.0643960539395159
97;1.0534130685816525;1.0550740512909862;1.0534410552595184;1.057877910863341;1.0578859232905027;1.055098900973428;1.0594965253250184;1.0596092454323054;1.0595581015408142;1.0595118973778694;1.0594429239744765;1.059613608430968;1.0606532123943413;1.0604985156637563;1.0606446535378775;1.0606575901307278;1.0606364978943823;1.0633797899006892;1.0623946680860579;1.0630696343993233;1.062192504483304;1.0631066254451937;1.0635882772363499;1.0630469103385112;1.0650667206174371;1.0640129053754293;1.063336425596821;1.0633815117506018;1.0653387550143665;1.0650448069542215;1.0653571721495179;1.0642177859947912;1.0654830400902744;1.0646522840340642;1.0655388866653597;1.0655946360597035;1.0655978834653033;1.0644394353818618;1.0647785724491834;1.064858634349091;1.0651743500499848;1.0647858952337956;1.065571278815257;1.0641405685214018;1.0652157902971369;1.064811130613735;1.0655486633200708;1.0648138953346977;1.0648485019795604;1.0655268821310147;1.065157762605071;1.0656878574241428;1.0653885204703042;1.065215671703464;1.0656728379052038
98;1.0529570966042314;1.0542221538836762;1.0529864462156924;1.0568743061151276;1.0568873767423614;1.054332045533028;1.0583675460193793;1.0584692246691196;1.0583663757420356;1.0583693773096223;1.0582992309802994;1.0584901454474822;1.0593212855387601;1.0591992614185597;1.0593144183231114;1.0593484307838308;1.0593299910330165;1.061728045143702;1.0608361289297696;1.0614126645369124;1.0606402952800764;1.0614441794000138;1.061943948669166;1.0613782415964372;1.0632697685230825;1.062104424181858;1.0616233765636973;1.0616664385490642;1.0635747975204357;1.0632516771766203;1.06359149879426;1.0620383607599841;1.0636958331930406;1.0628973759135123;1.0637602047724772;1.0638027713308296;1.0637994381958107;1.062430247868975;1.062739475675662;1.0627818880008624;1.0629425311041083;1.062746812508989;1.0632386645480776;1.0622110449398168;1.062998008253298;1.0628254335384675;1.0632197832447725;1.0628259545701457;1.0628652735713229;1.063022926364854;1.0630212541742854;1.063059500567375;1.0628820483462869;1.0630790352092023;1.0629250620042836
99;1.0514246521971955;1.0519065982538625;1.0514495694115025;1.0533151134417857;1.05332249857757;1.052013866497531;1.05376044986471;1.0540912369366868;1.0535899639730433;1.0541073814761455;1.0540956826504166;1.0541160625306372;1.0546183763557675;1.0545603521163458;1.054615859338753;1.0546173108175243;1.0546043785325856;1.0558127406817353;1.0554833421030487;1.0557328856861639;1.0553648376080522;1.055757858678359;1.0555977851248348;1.0558468246803616;1.0563387308985357;1.056439777609157;1.0560360630137033;1.0560687402623385;1.0562122299860668;1.0563323881182476;1.0563190604472366;1.0564720412533526;1.0564828986693022;1.0561347821423892;1.0565806054602236;1.0565948129265406;1.0565922568711348;1.0566851713297682;1.0569303453616805;1.0569908898499119;1.057299530991428;1.05692842648648;1.0574626711080017;1.0565219926150575;1.0572922325959886;1.0569331191962001;1.0574540681047722;1.0569416164365806;1.056959826767958;1.0572582659975356;1.0571781590667149;1.0574599298284686;1.0571349143545983;1.057209664695705;1.0574367927431487
100;1.0511740751039462;1.0516773571876243;1.051193687227401;1.0525740932426322;1.0525804896733968;1.0516948998520912;1.0527373545070173;1.0530411330074605;1.0524374027432608;1.0530767124408795;1.0530670096605548;1.0530661037829265;1.0534422645053991;1.0533965877851788;1.0534466931516349;1.0534094032872547;1.0534048555464877;1.0541993643005856;1.054057059464347;1.0542273115181406;1.0539782174986696;1.054261266153603;1.053712861932704;1.0543463692125565;1.05463068062561;1.0547965964978483;1.0545154656412996;1.0545474863038906;1.0544701377410284;1.0546313420267557;1.054580290221105;1.0548598311120734;1.0547362802620746;1.054457914853783;1.0548040070900595;1.0547968822250575;1.0547991004615451;1.054962654866439;1.0551601174368417;1.0551886059453193;1.055316264078814;1.055148093733406;1.0556607740337698;1.0548789405027992;1.0552748814090558;1.0552168674669085;1.0556606825379533;1.0552253785244756;1.0552436184684797;1.0558321825019412;1.054999980846343;1.0557563001591825;1.0558381086702742;1.055093783364835;1.0557387614382683
101;1.0516919008926893;1.0524352356330349;1.051708527943227;1.0538286966898822;1.0538351364131748;1.0524484193036034;1.0545909067594978;1.054652052788779;1.054450293165124;1.05471615297606;1.05470780152129;1.0546778566280626;1.055076790414056;1.0550307860775274;1.055090689877738;1.0550276615927192;1.055033956063573;1.0563677717183169;1.055874480359653;1.056214270409036;1.055777624893138;1.0562470167630724;1.0564628944635006;1.0561252031824622;1.0571120279509483;1.056456631540732;1.0562903069787173;1.0563222738487419;1.0573403552450462;1.0571414726111215;1.0573624560317376;1.0565071166004258;1.0574107197785625;1.0569590323143079;1.0574586381409519;1.0574519443529582;1.0574616078335128;1.0563490251504501;1.0567266101854496;1.0567182359795462;1.056909545804384;1.0567154371522849;1.0570423545723366;1.0565260791892013;1.0569039558434674;1.0568026033385378;1.057042263196086;1.0568191758534533;1.0568469255601118;1.0566946570600362;1.056553667045782;1.0570165345345532;1.056811081161294;1.0566557059603818;1.0570195507525224
102;1.0516031957642138;1.0523308832052034;1.0516244229773155;1.0536444570138763;1.0536489121467283;1.052341187018621;1.054329514748832;1.0543865620359631;1.0537873050440238;1.0543984629689338;1.0543931832559525;1.0544144306314853;1.0548792273492178;1.054822830786296;1.054891915095126;1.0548721613609362;1.0548687285501643;1.056253035868407;1.055721563260816;1.0560605376630057;1.0556277002369436;1.0560952051438408;1.0563297753173826;1.0560143603775396;1.0570541070236277;1.0564011474738213;1.05611349701757;1.0561460452347469;1.0572822347003559;1.057064421602839;1.0573018269537593;1.0564609253021198;1.0573549865409768;1.056851666896347;1.0574291949074623;1.0574078525599566;1.0574201389568063;1.0565131950062698;1.056637095802959;1.056663985270046;1.0567917903063984;1.0566272370202556;1.0570045912893002;1.0564448825698343;1.0567897141951565;1.0567700051190971;1.056995984558422;1.0567776356700842;1.0568073015263184;1.0566320008445227;1.056479047902976;1.05697602880949;1.0567548703639582;1.0565834920659523;1.0569724109306304
103;1.0515163938527852;1.0522188572541928;1.0515470240011215;1.0535008437089632;1.053509958880289;1.0522440614379447;1.0541680429917435;1.0542383438843843;1.053811521679526;1.0542765297205252;1.054271917795303;1.0542585120765784;1.0545095109529823;1.0546426260908188;1.0545901855723332;1.0546844687268284;1.0546820617726267;1.0561096952900495;1.0555334200244868;1.0558844130622558;1.0554560420324899;1.0559229327850705;1.0562148559535007;1.055846836204814;1.057032764102453;1.0562117623593925;1.0559669775192406;1.0560090734817755;1.0571796831476934;1.0570209105127575;1.057206430777066;1.0563020739692153;1.0572688510902042;1.056767456316297;1.0573274188570954;1.0573368837926227;1.0573537573650764;1.0562829655014445;1.056424242313528;1.0564598363316227;1.0566492424037042;1.0564367289072105;1.056808542170077;1.0562535079972795;1.0566344128535934;1.056442039613628;1.05679612702633;1.0564964060003268;1.0565260797518676;1.0568252033674748;1.0562539988136237;1.0566326232437344;1.0568265861387842;1.0563633648341253;1.0565127852361358
104;1.051765931054315;1.0526267021715001;1.051800272946567;1.0541198499636393;1.0541297486220682;1.052655993525952;1.0546623494260077;1.0550366821651171;1.0549316368530122;1.0550759302818078;1.055061603990038;1.0550399579083265;1.0555541985867392;1.055469900141719;1.0555661414260307;1.0555533280001599;1.055547502225979;1.0570946949964006;1.0564996514355414;1.056898659521063;1.0564123065788493;1.056925789108943;1.0571900345899088;1.0568550533621741;1.057953980609689;1.0573942818656747;1.0570282643759912;1.0570705988927447;1.0581227857731708;1.0579330416598447;1.0581373758202057;1.0575184467840113;1.058187852603962;1.057721622333113;1.0582566875461905;1.058269674010872;1.058286129850111;1.0575342894285642;1.0577286111006712;1.0578200908275084;1.0580767610385498;1.0577383088272092;1.0582146348120633;1.0574691049630731;1.0580581204222748;1.057719323930718;1.0582022361615753;1.0577770928690031;1.057804817451537;1.0581993672408792;1.0579745619401673;1.058012362692114;1.0582109395977792;1.0580234335366199;1.0578937964485873
105;1.0496928077807453;1.0496180537804085;1.0497422425171816;1.049470341078162;1.0494849611274564;1.0496482761788049;1.0490364385141062;1.049329870619965;1.0493613583965435;1.0493812151226194;1.0493685903876346;1.0493362565332085;1.0491144315670906;1.04929537548926;1.0492066635492785;1.049284790723425;1.0492982850567332;1.0493690911222506;1.049324313188344;1.0493564324193903;1.04931618075179;1.0493558873748936;1.0493422990810415;1.04934573791319;1.0493965883927379;1.049424463430906;1.049398362111141;1.0494218728334543;1.0494101275060062;1.049368224343671;1.0494208394358098;1.0494320655581149;1.0493885797819509;1.04934384220852;1.0494613750972728;1.049417640020575;1.049437785645372;1.0493709025452682;1.0493800692317505;1.0494205860467682;1.0493576383812964;1.0493880534368774;1.049432982645835;1.04942801633345;1.049351566325132;1.0493554227845814;1.0494231662063764;1.0494103255624714;1.0494215277705683;1.049293720044042;1.049420204440179;1.0493361310415172;1.0492881738646687;1.0494429862529506;1.0493514330009641
106;1.0498382162094693;1.049803290009775;1.049878227657265;1.0497389108244721;1.0497504352782145;1.0498201916889245;1.0494093220588192;1.0497179756712438;1.049721496076673;1.049767797815648;1.0497629646272353;1.0497202602764537;1.049701714200719;1.049703351912011;1.0497255996140855;1.0496416226917673;1.0496754483541084;1.0497736545864629;1.0497545127756907;1.0497644342520605;1.0497513259034743;1.049758655472329;1.0497377765156466;1.049779668341654;1.0497609786826625;1.049882153600051;1.0498258450657707;1.0498514668097292;1.0497542259078476;1.0497467691185738;1.0497666195369406;1.0498960503354535;1.0496973333984743;1.0497220862636898;1.0497936049424457;1.049743793566407;1.0497669790145951;1.0498325564766926;1.0498904414419643;1.049928374494061;1.0498903883645672;1.0499114184822418;1.049952408928053;1.0498987331796925;1.0498924805224015;1.0497857004779256;1.0499425973448662;1.0498514984875302;1.0498532660469828;1.0498488481091937;1.0499370881539023;1.0498477253990872;1.0498366818474056;1.0499575488082127;1.0498560378100994
107;1.0495320870308062;1.0491654414828027;1.049561464330536;1.0491480237234645;1.0491667391028587;1.049275476329467;1.0490620642508657;1.0490788053190618;1.0490349674239074;1.0491230425004785;1.0491177697419367;1.0490822915183853;1.0489552899879262;1.0489486144059237;1.0489791923974972;1.0489394160724808;1.048953800763017;1.0487514416418369;1.0487717462701702;1.0487496824857794;1.0488189357969715;1.0487555035823983;1.0487604716442347;1.0482545413947788;1.0488101316146436;1.048716041923008;1.048724557095657;1.0487523285657525;1.0488225890715952;1.0487962607059125;1.0488278673707991;1.0486774433344592;1.0487493236501968;1.0488071952055582;1.048813506805101;1.0487825029899052;1.0488075390133742;1.0486110688297892;1.0486758425566034;1.0487106890301519;1.0486610396824338;1.048696843892156;1.0487553619511794;1.0487247068294456;1.0486631791398706;1.0485084823893742;1.048752279259806;1.0485095153088313;1.048444807398185;1.0486536488775688;1.0486883324943415;1.0486337512565813;1.0486369440652763;1.0487007922779972;1.0486386358753204
108;1.0489378682690984;1.048282643422678;1.0489696488602072;1.0478380325963184;1.0478360358290502;1.0483905632876713;1.0474122646610178;1.0474197178648221;1.0474087771849159;1.0474539626419737;1.0474504306489458;1.0474232766332876;1.0471009105150255;1.047109512483314;1.0471248552533623;1.0470640664001205;1.047071957038799;1.0462924644394156;1.046279930796376;1.0463223874139025;1.0465749733724554;1.0462999774317638;1.0462535893531937;1.0458084813333552;1.045718033923504;1.0460893222813357;1.0462477022957724;1.0462835898601586;1.04600948180926;1.0458157801982615;1.046009806689076;1.0460168322947232;1.045963540900462;1.0460525822307605;1.046008041327057;1.0459694131565105;1.045995501567182;1.045918332870185;1.0458958543036243;1.045911647002931;1.0457234300387717;1.0459039622301634;1.0457049600644812;1.046092305771665;1.0457259200736944;1.0456149703212936;1.0457104759169755;1.0455792758129803;1.0454335757304216;1.0455257381588343;1.0458347257725462;1.045374319995691;1.045534594166189;1.0458472195517579;1.0452782385881105
109;1.0488218303391181;1.0481054764508697;1.0488449910019653;1.0475819783597011;1.0475808773086956;1.048215155801132;1.0470933874845108;1.0471054421131447;1.0470555272433009;1.0471270920152709;1.04711962201373;1.0470943634629701;1.0467252023921025;1.0467882896268232;1.046749611308383;1.0464853338820692;1.046598453994546;1.0460497280887036;1.0462024573156867;1.046027274536781;1.0462867559113458;1.0460068126518844;1.0460148201470754;1.0459713371991604;1.0459243969018472;1.0454854058515943;1.0458821503823035;1.0458955721710501;1.045921857545541;1.0459118170070643;1.0459208853192583;1.0453783765925344;1.0458756604694535;1.0459729826264756;1.045938062393905;1.0458909536824943;1.04592044105321;1.0451606249659011;1.0450295390530313;1.0449735062599554;1.0442699193790745;1.0450371831729808;1.0442950003838494;1.0454631504536775;1.0441621888144743;1.044763265208182;1.04429667122612;1.0446953580076879;1.0446592552904097;1.0435949197891878;1.044772240192014;1.0438254217055503;1.043731304564262;1.0447826740102386;1.0437183427681083
110;1.048973257644802;1.0482962451633517;1.0489892014439195;1.0479124522161538;1.0479117866777965;1.0484118470522332;1.0474519721925244;1.0474955629916949;1.0474178163725214;1.047532651794253;1.047529792788763;1.0475129165347496;1.0471338926585823;1.047180784709918;1.047156020150956;1.0471311396055591;1.0471531539564436;1.046184357409203;1.0465214288138485;1.0460025892182587;1.0466282529487463;1.0461174813271141;1.0458970610287681;1.0463292252381675;1.0459675975222718;1.0460653902657515;1.0462941571007247;1.0463248655413686;1.0459479453453606;1.045950314267154;1.045955305031477;1.0459914531882775;1.0459434687908713;1.0459844843433355;1.0460278753893815;1.0459666876600582;1.0459924024953473;1.0458313039410654;1.0456758978484881;1.045765213558442;1.0453812710408326;1.0457238336193815;1.0456617469743321;1.0460485605930412;1.0452784473212915;1.0454470294183553;1.0456548077096546;1.0453749590858452;1.0453315326361976;1.0455807693105819;1.0457315901468565;1.0455641543568068;1.0455831178061048;1.0457516153947117;1.0455678138707176
111;1.047820688682439;1.046627971116692;1.047839539707401;1.0452574950064744;1.045257854286662;1.0467369858077409;1.0442056130841628;1.04425822783772;1.0441620383325263;1.044264962916747;1.0442620949378028;1.0442527017036831;1.043580080177587;1.0436501188532576;1.0436114596159263;1.0435829606453342;1.0436083983187634;1.0417212889439924;1.0422940984548146;1.0416009054171775;1.0424906490827628;1.0417066354547482;1.0414136708066082;1.041903251105962;1.041133182930421;1.041195778547935;1.0417430848572427;1.0417669623467616;1.0411146244639458;1.0411151646188674;1.0411203183495958;1.0410193289917355;1.041065766682654;1.0413178918443242;1.041127705825586;1.0410563922709035;1.0410804177368804;1.040556727717173;1.0404837505972246;1.0405257936368937;1.0402330358972194;1.0405226351098187;1.0402794120743462;1.0411215279625747;1.0402373353555847;1.0402705557275573;1.0402791229988897;1.0402017900776193;1.04015986129307;1.040102872087183;1.0400864382186388;1.0401441088865453;1.040091149200802;1.0401569494805942;1.040146754314464
112;1.0477719960677536;1.0465440953218843;1.0477905232570888;1.045122137872844;1.0451204439048953;1.0466577961684234;1.0440136554644925;1.0439947174183557;1.0439657291453655;1.0440654855179115;1.0440605921391046;1.044014185739938;1.043407324025949;1.0434578666371246;1.0434298955050363;1.043380853127053;1.0434017447703878;1.0413969997881054;1.0418472761777717;1.0416253345993078;1.0422728737232443;1.0416239292330043;1.0410497902454507;1.0417010780875002;1.0404099052244165;1.041027971262371;1.0415786781075531;1.0415948646456719;1.040265978015665;1.0403903813394495;1.0402603210960395;1.0408724689572912;1.039846605372298;1.0406754434551782;1.04015061050892;1.0401292000112035;1.0401530077798773;1.0404745800959188;1.0404087079018227;1.0404695050052717;1.0401559793104769;1.0404550513225213;1.0401546715136494;1.0409952288762072;1.0401568112628925;1.040426776785151;1.040147586534355;1.0404111608817541;1.040336398553385;1.0399815544031477;1.0399929921905346;1.0400006050845378;1.0399708878863565;1.0400573164613887;1.040005794576267
113;1.0480793552996015;1.047156136915564;1.048079000202309;1.0452101115257972;1.0453285513138373;1.0471654134488186;1.0446981293295463;1.0444321704525417;1.0446111701702445;1.0447273340644208;1.0447269293533952;1.0445202234971016;1.0442475767013528;1.0442626415643799;1.044267895647212;1.0442282104337914;1.0442323010774304;1.042674787748367;1.0432985573866709;1.0428715587563566;1.0434402931019497;1.042866678841515;1.042270442987642;1.0430309765641044;1.041596848126285;1.0427714550762897;1.0427194715458405;1.0428204032369286;1.0414322737875308;1.0415794663318956;1.0414327658474645;1.0426753639547957;1.0409937384204708;1.0417003567825405;1.041281519158689;1.0412723343586219;1.0412951023194956;1.0425519890278692;1.042502768540693;1.042525336837637;1.042323276500829;1.042500144977333;1.0422990764302404;1.0427534028616818;1.042320015585528;1.0425033517927218;1.042292006024666;1.0425011173012886;1.0424904587733608;1.042127754659179;1.04238310448885;1.0421661576790693;1.0421208321132251;1.0423856505604758;1.0421709186050854
114;1.0482690067328677;1.0474401747862003;1.0482684305009347;1.0457019558819867;1.0458160307288578;1.0474578969751367;1.0453218839647869;1.0452658104416175;1.045208643139403;1.0453369146051177;1.0453411278879667;1.045281577706301;1.0449277861565527;1.044927806890382;1.0449433633406189;1.0448757794980803;1.0448861554326154;1.0435528276443145;1.0441113195831941;1.0436738856626555;1.044222780114364;1.0436599850555413;1.0433656807413676;1.0438554781814877;1.0421211755490563;1.0435556030674824;1.043843086676104;1.043849533930279;1.0420776007373562;1.042025102419909;1.0420870170951884;1.0435109195759174;1.041613835682774;1.0425834748633487;1.0419275600996085;1.0419359613377777;1.041955270760556;1.0433390123671231;1.043277751275477;1.043297099787868;1.0430397702077105;1.0432671697033313;1.043060498484623;1.0435386687893422;1.0430558751579981;1.0432563929353242;1.043060210179782;1.0432638960552012;1.04325785760089;1.0428813525113274;1.0431233721269795;1.0428704644307836;1.042868345679218;1.0431315727325843;1.0428851184798689
115;1.0484585947591873;1.0477080911735925;1.048445073873415;1.0463268705223914;1.046392346406156;1.0477279592729638;1.0457880056416586;1.045778719051563;1.0456603945008414;1.0457246467875796;1.0457212436661907;1.0457858627105958;1.045417021636831;1.0454459528373423;1.0454348671689664;1.0453945067707138;1.0454078447262474;1.0441918041308254;1.044633111207356;1.0442600443199153;1.0447298962570692;1.0442529334182071;1.044031707468027;1.0443651266217935;1.0433662714656615;1.0439499724995656;1.0443384782372573;1.044341227357896;1.0432040953073998;1.0433568309019847;1.043205296449621;1.043892720402379;1.0427706156695247;1.0435877291504747;1.0430478635469458;1.0430736834424648;1.0430844219429283;1.043689886936358;1.0434815906928314;1.0436290263856123;1.0434294951414969;1.043363364921213;1.0434291566979281;1.0439341123814623;1.043435191115489;1.043595072131222;1.0434288684949324;1.0436024596549633;1.0435937517234366;1.0432655639329347;1.0434889294686425;1.0432744538222078;1.0432292214472196;1.0434860523511855;1.04326485943512
116;1.048107524260608;1.0473042810044184;1.0481313918172814;1.0459202661689413;1.0459163422437319;1.0473161398028672;1.0449434075650805;1.0449064521425946;1.044861430461746;1.0448742024014137;1.0448710325560486;1.0449258249623348;1.0443776559261648;1.0444510106030955;1.0444161517503872;1.0443828551957215;1.0444062137472023;1.0428092073484914;1.0433887564795914;1.042980602283761;1.0434147849912487;1.0429756594954207;1.042647945640233;1.042946137764742;1.0415866714994946;1.0424172340602138;1.0429973944473476;1.0430001471022943;1.0413018603427286;1.0415844792773334;1.0413017718892514;1.0424541125515232;1.0407019829674344;1.0419253128171249;1.040570281460487;1.0410969171169355;1.0411008506113055;1.0422610357990842;1.0419806637276328;1.0421478234657044;1.0418972746385742;1.041848268689292;1.041862610265969;1.0425216611651569;1.0419059109591355;1.0421430998549728;1.0418670995166028;1.0421490498424726;1.0421313009925592;1.0417230014110064;1.0419853842610918;1.0417180474022003;1.0416923448217918;1.0419778664862942;1.0417075975672179
117;1.0479189703213667;1.0468767193219288;1.0478968877760662;1.0452037902626412;1.0451971688788755;1.0468859185846346;1.0440788111823274;1.0440109272764608;1.0439745782835481;1.0439952512875905;1.044000820043992;1.0440442414487034;1.0433680706134019;1.0434846318848245;1.043408387232077;1.0434071587131497;1.0434330009166783;1.0415185725803675;1.0422278382718608;1.0417341694236306;1.0423716276042825;1.0417322430197653;1.0413021789628578;1.0418055256363263;1.0399786363485168;1.0412045320452876;1.0417260262429449;1.041733785955189;1.0395228918060673;1.0399626185792679;1.0395348306240597;1.0410725690308273;1.0389296775521917;1.0403628082969303;1.0387849597970333;1.0391728088994714;1.039134890993583;1.0408387126625862;1.040668990937653;1.0405944951661366;1.0400430403164647;1.040688893860176;1.0399424416750824;1.0411805909592435;1.0400639172604724;1.0406934532990046;1.0399478791273307;1.0407104641786544;1.0406971523840265;1.0394014066385746;1.0400742499379847;1.039702916616835;1.039474488701686;1.0399100866178639;1.0396733402103588
118;1.047999481081075;1.0470377580123673;1.0479627556984765;1.0454725802159734;1.0454685263124113;1.0470611301773731;1.0443981332137942;1.0443720501746327;1.0442988023041035;1.044333123477371;1.0443342031303897;1.0443936073018616;1.0438081476597554;1.043845954201213;1.043820878181665;1.04379530857201;1.043813393305732;1.0419826991225811;1.042613286895235;1.0421543593159752;1.0427567064494163;1.0421513584545028;1.0417764249234194;1.0422339301838257;1.0405872841365378;1.0416187277726483;1.0421324816204447;1.042140238306907;1.0402185925191823;1.0405871287394712;1.0402413286963552;1.0414533892776325;1.0400140421483681;1.0409768739928293;1.0396544371900565;1.0399531868851106;1.0399241464643498;1.0412555335347986;1.0410579046814192;1.0409788184990154;1.0401938310574856;1.0410852516152502;1.0404412607873217;1.0415797332817631;1.0401080661376072;1.0410644850035482;1.0404419112004744;1.04108332031978;1.0410656279874502;1.040279910143658;1.0404658510291025;1.040302506325736;1.040277511764972;1.0402956086536355;1.0402857904285188
119;1.048025608505379;1.0470716099660913;1.048029285363521;1.0454917678666429;1.0454851483064669;1.0470910766155175;1.0444314068038796;1.0443649714193082;1.0443534439210715;1.0443583521134079;1.0443587569737773;1.0443847779235165;1.0438644791337515;1.0438795849512932;1.0438786367703277;1.0438569526403134;1.0438701154994836;1.0422259863792716;1.0426313619157017;1.0422976531107093;1.04259525327711;1.0422918162880255;1.0420874657689136;1.0417791242915124;1.0415139121521604;1.0415951095893285;1.042152044769378;1.0421521107779301;1.0413205047503105;1.0415326601975925;1.041339797672326;1.0414707704667767;1.0412365112534847;1.0417162202120653;1.0412618315262834;1.041139262292189;1.0411053908805334;1.041258823836199;1.0410532852446688;1.0409581703351056;1.0402483953237878;1.0410833114897406;1.0404839624050737;1.0415786758176964;1.0401553500540317;1.0411128185392309;1.040484612791559;1.0411174828754208;1.0411076772851249;1.0403742694656015;1.0404258716752113;1.0403713519824804;1.040369550233308;1.0402329101430574;1.0403607878975147
120;1.048028667196838;1.047063971071205;1.0480280952265455;1.0454821574772373;1.0454781036107434;1.0470834378627165;1.0443890332621841;1.0443136334159593;1.0443243949580565;1.0442858300379607;1.0442970994345893;1.0443277118439231;1.043850732788522;1.0438683207570034;1.0438644961593593;1.04383118477462;1.0438465369147185;1.0422236868658874;1.042644388287811;1.0419837804980128;1.0427650460023765;1.0420766115989104;1.0421000419283217;1.0417690469411782;1.0418225676479016;1.0416936721680299;1.041881394041848;1.0419533428522625;1.0416817520092503;1.0418228220029622;1.0416865405326332;1.0416169110543123;1.0415660521609282;1.0419154964169517;1.0416110234550835;1.0415848213000989;1.041584985628802;1.0412726805566046;1.0413325264290714;1.0413099485081119;1.0410972285812434;1.0413523823616222;1.0411015371658243;1.0416675032528584;1.0411068708907405;1.041313096641958;1.0410953974591541;1.041314864733059;1.041310185611778;1.0410302099713704;1.0411145046728993;1.0410258515451891;1.0410272439769914;1.041056015274706;1.0410282920056735
121;1.0481296611721;1.0472092760420293;1.0481243245534813;1.04569025439805;1.0456840978211301;1.0472287401325884;1.0446802270952569;1.0446437623522182;1.0445949955639513;1.044627777116958;1.044615600633265;1.0446590589401554;1.0441617083267052;1.044213172019662;1.0441779650534073;1.0441026525334365;1.0441176543031532;1.0425431600318504;1.0430352484592156;1.0423484532336689;1.0431637070950854;1.0424549961557648;1.0424322999749722;1.0426716786427352;1.0420151913732445;1.0420858056208966;1.0426056688018404;1.0425923668681294;1.0418473246598292;1.0420081568548243;1.0418398851385926;1.0420140812761678;1.0417484154310659;1.0421018404182707;1.0418099004690669;1.0417435454473831;1.041751913556621;1.0418070793470955;1.0415465433086246;1.041606742730093;1.0413229327774662;1.0414675285578645;1.0412915658121935;1.0420355696453054;1.0413388819054352;1.041572456118695;1.041285427225731;1.0416111689094651;1.0416014171170658;1.041073296011452;1.0414035045685182;1.0411491586560462;1.0410348562916474;1.0413419744936987;1.041155353498067
122;1.048046598330053;1.0471337382607018;1.0480605989486589;1.0455621211747763;1.0455693560108779;1.0471532037553404;1.044516576160178;1.0445206890899936;1.0440576926741496;1.044450997674015;1.0444399661512611;1.0445363492305015;1.0440755884886095;1.044143018436392;1.0440974991562748;1.0440286782727177;1.0440459315341566;1.0427036830672625;1.0431438829675315;1.0427648357610964;1.043001223670089;1.0427598742330297;1.0425818576497432;1.0427987405363264;1.0421891171694218;1.0422818310703073;1.04273843346045;1.042743089806424;1.0419940442073272;1.042189371435039;1.0419976584004997;1.0422071101936852;1.0419316549093074;1.0422448494898908;1.0419588176673085;1.0418676158517837;1.04188454258691;1.0420198876443971;1.0418744523232562;1.0418464765536593;1.04149092070163;1.0418859536959915;1.041356630756843;1.0422184789531037;1.0414763849208035;1.0417938163904132;1.0413572805984175;1.0418344789321343;1.0418232362705258;1.0407419721185973;1.0415553856440898;1.041106932336242;1.0408310213164862;1.0414761250933215;1.0411206620096989
123;1.048326962861709;1.0474858505800968;1.048327567917861;1.0461619198123444;1.046161022386139;1.0475135062854934;1.0452258154397733;1.0452082013053416;1.044777103493902;1.0451260344624005;1.0451296418181473;1.0452163089884419;1.0448656421789027;1.04490753005373;1.044885390792819;1.0448348685298388;1.0448537787368466;1.0437527508239688;1.0440869090669342;1.0437976102469244;1.0439345922490684;1.0438003691243742;1.0436233413032143;1.043841354708123;1.0431856179760026;1.0434675213693287;1.0437796129950707;1.0437894548230464;1.0429842137208185;1.0431858719987734;1.0429882928786003;1.043419181766991;1.042917544693547;1.0432214726030344;1.0429090776365817;1.0429051731348045;1.0429207985714235;1.043259796831304;1.0431774910886615;1.0431764738852858;1.0429418049632821;1.043175628816467;1.0428995794653253;1.0434282694685888;1.04293390391853;1.043171190573055;1.0429002283456217;1.043162415114819;1.0431392250189016;1.0426945638700995;1.0429725646612862;1.0427343020220046;1.0427014075039238;1.0429160809486973;1.042747647119232
124;1.0483468046155295;1.047486496536953;1.0483485525720848;1.0462013904108298;1.0461947753402119;1.0475062292170179;1.045272827432079;1.04526630792376;1.0452354932278694;1.0452155819625446;1.045220975674926;1.0452720750097448;1.04482251236759;1.0448750790384231;1.044846552950198;1.0447409747520862;1.044783380847586;1.0435645630906099;1.0439488182933072;1.0435972496068082;1.0440167650197267;1.0435850518904088;1.0434520613833547;1.0435992173742323;1.0429233468944323;1.0430961628548248;1.0435229175282381;1.0435364597623247;1.0427067298472807;1.0429279840881518;1.042717536323183;1.042952980323721;1.0426294454243956;1.042988290936663;1.0426097835042;1.042630124820777;1.0426420872999176;1.0428216917132365;1.0426967715392415;1.0426460259748658;1.0420169578976832;1.0426933616556777;1.042176164720524;1.0430325536581868;1.0419162599163456;1.0426689289582236;1.042176814051168;1.042667255349975;1.042634673534733;1.0419711238522422;1.0424238902773688;1.0419717854138226;1.0419765920913682;1.042420122222338;1.04199269737937
125;1.0479984512545863;1.0472121006850204;1.047899063145893;1.0457838933146548;1.0457744027722997;1.0472170803885372;1.0448080714031749;1.0448045102197263;1.0447454946045711;1.0447461267901164;1.0447463965974304;1.0448245193870171;1.044300635878264;1.0443447124710052;1.0443240751452116;1.0442237982195295;1.0442575599062136;1.0428329896784938;1.0433397132668563;1.04291628757892;1.0434075765806146;1.0428981841643203;1.0426788096522688;1.042977887842775;1.0419179262474978;1.042408104631872;1.0428645976218383;1.0428781484033824;1.0416501168817869;1.041928573880333;1.0416569221975258;1.0422452103454019;1.0415252421645997;1.0420800698928616;1.0415088450987333;1.0412790034532995;1.0413554869126627;1.0421291976124942;1.0419707788981416;1.0419289762295671;1.0412341560066387;1.0419742843376012;1.0414064006425514;1.0423251338755835;1.04112170457852;1.0419595748555868;1.041418241097644;1.0419585109834184;1.0419229610256262;1.0412572530053446;1.041707032530576;1.0412797433430532;1.041263677719725;1.041701349374865;1.041269770545543
126;1.0485698390001725;1.0478936683873512;1.048574408896595;1.0467602441140444;1.0467507624233705;1.0479088669166445;1.0459934104510547;1.0460002479907549;1.0459264500424887;1.0458826280036138;1.0458855926688744;1.046010659232163;1.0455871461642297;1.045604969116867;1.0456103815728652;1.0454873962294693;1.045530149454378;1.0445733854669157;1.0449082092204405;1.044605593919815;1.0449811344637916;1.0446024175542552;1.0444586326035954;1.044619646814858;1.0439999393402235;1.0442463203387218;1.044576085816034;1.0445884066599478;1.0438187177160685;1.0440061871538764;1.0438212560216318;1.0441591923083398;1.043761408727412;1.0440657176893144;1.0437569389546462;1.0437404506848658;1.0437509222083465;1.0440757024422695;1.0439784436738866;1.0439986348437436;1.0437312117040403;1.0439763995104558;1.04367639782411;1.0441911215678905;1.0437140881972315;1.0439950555684963;1.0436963829998913;1.043984836436122;1.0439670720225736;1.043564552439177;1.0438939598739687;1.0436317346247121;1.0435738308494604;1.0438871783028805;1.0436098953106303
127;1.0481698346900523;1.0472894885123396;1.0481770290567871;1.0458139937044442;1.0458049651016246;1.047308951112307;1.044834268273091;1.0444504929543286;1.0447553726996208;1.044693445322232;1.0446955027179459;1.044593761742264;1.044394840725105;1.0444097473322382;1.0443959778681275;1.0442867568880396;1.0443097391690532;1.0431538093777983;1.0435487122412834;1.04321921166204;1.0436355015252092;1.0432196200255268;1.043039245236375;1.0432049820421803;1.042625744731659;1.0426896894532354;1.0431205144463314;1.043135982752635;1.0424677593663063;1.04263408654165;1.0424701186669258;1.04232735293584;1.042437787806866;1.0426840068917937;1.0424275187023961;1.0423829179553588;1.0423932301477126;1.0424978140085674;1.0423841480452938;1.0423797243424855;1.0421504742344376;1.0423761126576274;1.0420990762421558;1.0426341848364613;1.0421195769359013;1.0423790563264033;1.0421153639275658;1.0423779787267455;1.042359492461465;1.0419805739010328;1.042289299694126;1.0420477732219557;1.0419893953451456;1.0422768218836744;1.0420269327882572
128;1.0478376795450846;1.0467815564770693;1.0478513197881583;1.0449489047988094;1.0449105003894528;1.0468007551114378;1.0438481521544511;1.0434059894167682;1.0437707228369495;1.0437147351987186;1.0437248967523742;1.0435307944812682;1.0433365824960956;1.0433796627818408;1.0433384584084773;1.043084683516597;1.0430697333227725;1.0418826026060841;1.042473541862221;1.042094878346058;1.0425547883102373;1.0421149107866803;1.041534846091144;1.0421469437002202;1.0413055950120582;1.0416451079709046;1.0420526080248143;1.0420639616855796;1.0411402631244957;1.0413139473959598;1.0411527008034218;1.0412953922657768;1.041084487476617;1.041361442980383;1.041079147779371;1.0410255562824786;1.0410386741852178;1.0414645336134325;1.0413623120762616;1.0413483037748987;1.0411361906545522;1.0413488706839207;1.0410870280743383;1.0415857701465194;1.041107467773185;1.041347363157321;1.0410967369776476;1.0413455632956343;1.0413287838443581;1.0409872574774346;1.041259486714426;1.0410586424788462;1.0409895514653407;1.041235286817521;1.0410467180857719
129;1.0483346595289031;1.0475060473929247;1.0483297413534116;1.0461597803752942;1.046120138399163;1.0475374105490156;1.0453485831587428;1.0452982174357868;1.0453097060327685;1.0452903216574634;1.0452977711775908;1.0452938796990032;1.044899336644315;1.044960223405764;1.0448992260072114;1.044852772334811;1.0448727861714284;1.0436789982399637;1.0442135391317104;1.0438815181649908;1.044274996290259;1.0439008546121704;1.0435941897738252;1.0439282394533305;1.0430649933221594;1.0435530516021418;1.0438666961678127;1.0438784211045808;1.042938514163584;1.0430652473743045;1.0429415932345465;1.0434857670252846;1.0428244751825542;1.0428922611249902;1.0428503555220445;1.0427865966870264;1.0428038034330576;1.0434038151616813;1.0432793418026487;1.0433002494778882;1.0430478710747932;1.04327450520186;1.0429932916136961;1.0434750632338807;1.0430272084083039;1.0432492509884825;1.0430038912027757;1.043262456829777;1.0432449896895233;1.0428733690948548;1.0431887642065412;1.042951602083084;1.042873131211969;1.0431666468223284;1.0429351622003313
130;1.0481291973721434;1.0471782341533153;1.0481180368896825;1.0456435565843563;1.04561092439155;1.0472123011372116;1.0447487577338788;1.044681193390883;1.0446556091226014;1.0446581827392447;1.0446673906556825;1.044664164099857;1.0442079719448156;1.0442668851429109;1.0442078612344652;1.044184457549618;1.044203678595129;1.0426818675105665;1.043342960498117;1.0429051962076505;1.043436767309981;1.042935015588092;1.042561147655112;1.043009958286209;1.0416242976787111;1.0426003677155684;1.042900218562728;1.0429072361295626;1.041134884412709;1.0416245520821863;1.041211823944643;1.0425270910963462;1.0410684838456783;1.0418371957544368;1.040622302083439;1.0410482726768824;1.04105853238227;1.042430051681794;1.0422961456048982;1.0423067165181628;1.0420429992307916;1.0422906897048771;1.0419528596565728;1.0425061368220288;1.0420281901195312;1.042158589550787;1.0419590010196031;1.0422130553133104;1.0421950917810947;1.0417687450326203;1.04218626894221;1.0418770602071104;1.0417791575326656;1.042164192095065;1.0418511067344893
131;1.048034955193863;1.0470148382034459;1.0480218123801195;1.0454315444734923;1.0454264127036323;1.047036297975629;1.0443629710113727;1.0443645506395;1.0443945123986282;1.0443168701142935;1.0443291850934004;1.0443426770096131;1.0435573221841152;1.043928294267765;1.0435124065458343;1.0437529459645334;1.0437755124365566;1.042394501099308;1.042938155871856;1.042553650672471;1.0430236338175845;1.0425739114182444;1.0423153966350074;1.0425729024188501;1.0416616062135842;1.0420095301860768;1.0424968885668249;1.0424835852452512;1.0413605592455548;1.0416618606079426;1.0413953940706315;1.041614052781493;1.041195869549068;1.0418469756713507;1.0407654809934146;1.0413114920786921;1.0413116384740833;1.0417907729068325;1.0416630183104407;1.0416892778100304;1.0414494669893204;1.041669339618102;1.0413773141650402;1.0419347339986846;1.0414267398278287;1.0415497180510191;1.0413785912785445;1.0415844210760317;1.0415545892616271;1.0411767114919535;1.0415699774675575;1.0413178177451745;1.0411745463486526;1.0415441767733882;1.041307084013983
132;1.0480512642786262;1.0469972329172779;1.0480390023742643;1.045449723572366;1.045449723572366;1.0470336885315574;1.044431664710588;1.0444360802284038;1.0444093652309103;1.0440139482270419;1.0441120241628046;1.0444236410242727;1.043925646844644;1.0440305491799944;1.0439285749339975;1.0438837681945279;1.0439025839799256;1.0425510424143332;1.0430178775960477;1.0423851560795432;1.043130537718581;1.0425113803154749;1.0425704107118023;1.0426727887629446;1.0423747948502404;1.0420543074807882;1.0425961122197498;1.0425961782001945;1.0422844996491627;1.0423677627583638;1.042304367317615;1.0419423367352703;1.042263007006017;1.0424470994645219;1.0423061619283485;1.0423122820425625;1.04231242829741;1.0417842181921488;1.0415924763787143;1.0415375472196218;1.0408192850267954;1.0415903287567858;1.0408897595858422;1.0420588235866015;1.040704416332749;1.0415249351134936;1.0409007200034421;1.0415688965229744;1.04154078722759;1.0406531862900608;1.0412651995505846;1.0408257069061557;1.0406672667848669;1.0412076537178405;1.0408229378642022
133;1.047958324761303;1.0469097643218075;1.047942190368858;1.0451892317551206;1.045191515927775;1.0469372790298483;1.0441373443029858;1.0441446827206495;1.0440734754786363;1.043716044068428;1.0438127976294385;1.0441386366374086;1.0435818406387598;1.0436932274507047;1.0435820175357076;1.0435517708230382;1.0435737220458146;1.0421519549239804;1.0425782906191665;1.042000513441535;1.042730383933511;1.0421191218735224;1.0421212335575094;1.0421980534647388;1.041946488244432;1.041496496031558;1.0420912388348467;1.0420989958284714;1.0418771746993096;1.0419394532624862;1.041888730090221;1.0413526355729479;1.04182241629384;1.042019352351749;1.0418693327804855;1.0418554264571829;1.0418614042348315;1.0412204660649087;1.040941398755584;1.0408537772045405;1.0399994412459261;1.0409340990315774;1.0399599603761738;1.0414934247344385;1.0398864317800978;1.040934832858481;1.0399642462234266;1.0409803512449822;1.0409651164542393;1.0397131370720256;1.0404948850245157;1.0396582809696404;1.0397205060614094;1.0404269741139929;1.0395380058436519
134;1.0485406978659033;1.0480432997871574;1.0484218788859163;1.04707705578303;1.0470705998918812;1.048067780859688;1.0464742031922463;1.0465287650613433;1.0465439303140207;1.046418318623834;1.0464245142748894;1.046513703985955;1.0461228322591851;1.0462609971419745;1.046125551779818;1.046121872802464;1.046141933074525;1.0453457972685574;1.0456651472078735;1.0454475322443688;1.0457567045641687;1.0454553733142504;1.045292838189468;1.0454425310505102;1.0451903897513728;1.045163087342394;1.0454064084672008;1.045414140865008;1.0451631579169556;1.0452030846957079;1.0451734921412357;1.0450708942621103;1.0451782132951175;1.0452667543238883;1.0451775916550452;1.0451492639980033;1.0451565827242917;1.0449765273902576;1.0448238039816378;1.0448296228479712;1.044579214326656;1.044823880798619;1.044443685296604;1.0451324031550329;1.0445722777702917;1.0448169793546493;1.0444514620318606;1.0448247517319798;1.0448052267488648;1.0443725777973212;1.0446239004458788;1.0444160411914545;1.0443989774347777;1.0445574913754399;1.0444079987662682
135;1.0483274628764845;1.0477074439082792;1.0482156233057836;1.0466054674834593;1.046593369989021;1.0477465277696332;1.04592134266504;1.0459700917886725;1.0459323613099436;1.0458333484290083;1.0458452749877936;1.045956749880312;1.0455222660879815;1.0456562232057585;1.0455239928688083;1.0455239525269944;1.0455345761084878;1.0445784085252983;1.0449626836448063;1.0447179673779543;1.0450514278319432;1.0447169209333262;1.0445056205970416;1.044684786580745;1.0442642160498437;1.0442940833486618;1.0446464541660172;1.044646520016976;1.0441467179573185;1.0442769222526909;1.0441756145838659;1.0441872454567667;1.0441886903330633;1.0443761306878843;1.0441717553837169;1.0441072378345735;1.0441299107466007;1.0440504668440183;1.043880256223974;1.043888183566795;1.0436640742663925;1.0438715270320544;1.043552493974189;1.0442537185624492;1.0436524402191283;1.0436476731610504;1.0435625256161565;1.0436238870075896;1.043480023364008;1.0435191593546134;1.0437203187043769;1.0435861878220256;1.0435419221545124;1.0436547607317657;1.0435798056352725
136;1.048183514588408;1.0472893570519417;1.0481770292137094;1.04584932977552;1.0458285029590935;1.047318462406755;1.0446243769873786;1.0449023656191472;1.0448932404287863;1.0448218285578788;1.0448265835645985;1.044871091319753;1.0442109173905068;1.0445249515403308;1.0442802006404883;1.0443757521806383;1.044389301187494;1.0432695719652227;1.0436703575171191;1.043421704392586;1.0437798038754607;1.0434300270031482;1.0432329058827239;1.0432886211506927;1.0429910894843097;1.0427611320699646;1.043237468352448;1.0432412332893493;1.042844321403077;1.0429913435544451;1.042865700208655;1.0426147975202786;1.0428298964980882;1.0430552299890978;1.0428412681650248;1.042781203102422;1.042804245560719;1.0424314494721654;1.0422089902544247;1.0421265480186128;1.0414931769241496;1.0422151941172941;1.0415415364396332;1.0427057258072503;1.0413775750712841;1.0420237488350865;1.0415442228386291;1.0419933843419724;1.0418500150270018;1.0415387565691574;1.0418754388735496;1.0416215510088336;1.0415639713239302;1.0417991912204532;1.0416212999275065
137;1.0482100626387754;1.0472862702250763;1.0481962361080537;1.0458111966466304;1.0458004494688036;1.0473114717056966;1.044581881721339;1.0448235936773347;1.0448878429032222;1.0447474850687195;1.044741852799965;1.0447964913149606;1.0443381815662158;1.0444503065841402;1.0443277937360804;1.04434364053022;1.044361442291763;1.0429371784027994;1.0435112944220633;1.0431787280473244;1.0436328642027553;1.0431812969493623;1.042878300481335;1.0431546928358566;1.042234590635483;1.0426400092602677;1.0430839496318591;1.043087715122774;1.0417099137751802;1.0422408490303392;1.0417379191196923;1.042503168821131;1.0420188381373223;1.0424309926876334;1.042018214612644;1.0419191705909585;1.0419463241130447;1.0423464593744673;1.0421141742290447;1.042053509095665;1.041414850776006;1.0421181734429001;1.0414933415146388;1.0425882187853104;1.041296925707844;1.041958473087977;1.0414948367967287;1.0419229170657631;1.041786436393767;1.0414683639157019;1.0418118629105642;1.0415544077114818;1.0414946276966386;1.0417466795430324;1.0415541566139699
138;1.0489145491800875;1.0483463047273875;1.0489081934984084;1.0475468261832748;1.0475391696850935;1.0483687512573185;1.0469958848367324;1.0470158703237924;1.0470528734498623;1.0469518016990078;1.0469783213313608;1.0469878487835589;1.0466957328857043;1.0467882697030853;1.0466914967330265;1.0467392701128047;1.046737196279899;1.0459451730894245;1.0462720095992273;1.046082000966943;1.0463210368393832;1.0460750210642547;1.0458335087089667;1.0461240483998278;1.0453745853416165;1.045835091078175;1.046059134912406;1.0460592006744396;1.0450640901989539;1.045380824940121;1.0450340027329201;1.0457658706685677;1.0452078997519436;1.0455235515662358;1.0451833851688377;1.045119326315113;1.0451442889743445;1.0456888469494523;1.045553412462271;1.045531993216203;1.045244182531048;1.0455712024203745;1.0450846885798815;1.0458090520767365;1.0452185003136492;1.0455604626198598;1.0450781908041284;1.0455776242252848;1.0455577357790233;1.0450529462700235;1.0453522995198619;1.0451272307489454;1.0450613063757248;1.0452986762608818;1.0451164332363598
139;1.0489368649548754;1.04837566667922;1.0489295513463457;1.0476452938005139;1.0476355640437849;1.0484081354232118;1.0471289171697244;1.0471582625881886;1.0471927848690803;1.047188231299519;1.0471885004735602;1.0471368444054825;1.0468633826301836;1.0469245477409617;1.0468456802430814;1.0468413243305792;1.0468435860267105;1.0460534463881899;1.0463568936889374;1.0461713858352806;1.0464230881242282;1.0461741073461437;1.0459237935747197;1.0462041083315388;1.0454256132947557;1.0459176651069502;1.0461543951806365;1.0461544609366822;1.0450590926680943;1.0454258667732876;1.045028103086392;1.0458639183411236;1.0452256276237506;1.0455482576751616;1.0452011134564227;1.0451274807913626;1.0451551288884977;1.0457803007857638;1.0456672220754144;1.045653604999532;1.0453872184095958;1.0456850100973498;1.045261797326615;1.0458735977992772;1.0453592709844517;1.0456815585463228;1.0452610361213341;1.0456949557338364;1.0456767874776707;1.0452933007246648;1.0454993533766626;1.0452823523197354;1.0452808932069757;1.045455411519679;1.045280335374963
140;1.0491557325049103;1.0486670773749962;1.0491344305228874;1.0480883582343719;1.0480811919882151;1.0487120516777553;1.0476559626941049;1.0476531298641107;1.0477183732227346;1.0477138219374575;1.0477140909764697;1.0476459156896292;1.0474687332329307;1.0475185291862497;1.0474552454527208;1.0474463976699198;1.0474421097197448;1.046910286781399;1.0470858596553143;1.0469671159693004;1.0471539991238301;1.0469698354118078;1.0468301886823956;1.0469570776504102;1.0465988212887833;1.046699240991092;1.0468894350678595;1.0468971565123584;1.0464002619777664;1.0465990744831861;1.0464334815864091;1.0466525861164226;1.0465131894046908;1.046647791970646;1.0464887053983996;1.046513086179232;1.0465132318470514;1.0465773427241356;1.0465201470485648;1.046470957894274;1.0462194049396905;1.0465195922350758;1.0461869167451625;1.0466578922620713;1.0461869458810824;1.0464607906808703;1.0461705997740065;1.0464691730332412;1.0464480406188552;1.0461518579722762;1.0463275888982828;1.04611897859337;1.046141276234925;1.0462846053384092;1.0461248927039097
141;1.0489918114259356;1.0486430555022543;1.0488790132806236;1.0481188397384673;1.0481147704583056;1.0486853795769668;1.0477998022290484;1.0477227288255506;1.0477686157465782;1.04777192348321;1.0477675181939654;1.0477346740346143;1.0475654922169022;1.0476095252028692;1.0475538944196983;1.047552817827281;1.0475421731399588;1.047028190750198;1.0472073564079722;1.047070630190056;1.0472740918183114;1.0470658917585176;1.0469360940479393;1.0471148358308826;1.0466929018582285;1.0469047387644497;1.0470430059872906;1.0470507262993078;1.046493162573606;1.0466858987749255;1.046527145853049;1.0468383928738993;1.0466301228763797;1.0467814686506776;1.0466295020986283;1.0466267490183283;1.0466268946703274;1.0468014668778893;1.0467343949188874;1.0466732736973758;1.0464254998673934;1.046733840218957;1.0464480401289478;1.0468857867044814;1.0464100780322858;1.0467431413408308;1.0464353204067378;1.046737460005477;1.0467280129635408;1.0464437184184165;1.046532621950102;1.0464183347859923;1.0464433818163656;1.0464884945223591;1.0464207392702003
142;1.0491308033490983;1.0486433377873852;1.0491164554492867;1.0480529215720689;1.0480445521143202;1.0486903795297067;1.0476836912344831;1.0472364610539338;1.0476061356295727;1.0476354388304783;1.0476310329673173;1.0473658036366504;1.047551730235225;1.0475495864271163;1.047552561387839;1.0475372774338034;1.0475343732844626;1.0470492883059757;1.0472232644462938;1.047100242929655;1.0472816627985104;1.0470955046321357;1.0469858427695815;1.04715412298967;1.0467553621088344;1.0470046208167114;1.0471033633313307;1.0470901185310948;1.0465921829069467;1.0467636710115804;1.0466212623709892;1.0469361447008327;1.0467082502989604;1.0468430598120864;1.0467076295675448;1.046704876692754;1.0467050223338834;1.0469340372354632;1.0468909237560982;1.0468498773137858;1.0466711044898547;1.0468903691391147;1.046682559210903;1.0469909504272026;1.0466653346062915;1.0468917241520184;1.0466698423386729;1.0468895480124638;1.0468781690920792;1.046687157685887;1.0468102492862261;1.0466826530187185;1.0466868211621225;1.0468083920369615;1.0466762897119433
143;1.0490206413884333;1.0483301737334156;1.04900094912063;1.0479300518748054;1.0479169970617321;1.0484578440558165;1.0475529614405776;1.0470801257026454;1.0474967929526808;1.0475043864382567;1.0475084228303415;1.0472053541588784;1.047427317219555;1.0474251731570252;1.0474281484708898;1.0474128627013048;1.047409958207002;1.0469396488710343;1.0471293542317632;1.0470104728470677;1.047168799094439;1.0469985759521567;1.0468840015968512;1.047043027092222;1.0466268253664512;1.0468865183013514;1.046995461325626;1.0469992127499885;1.046479773666036;1.04663513528958;1.0465014761551676;1.0468318889545376;1.0465501108835897;1.0467020534291946;1.046567469978991;1.046568365679762;1.0465685113398862;1.0467940116495276;1.0467603081029717;1.0467260067546094;1.0464910499035018;1.0467597534167747;1.0464915506121537;1.0468721299797101;1.0464831301558808;1.0467858938128056;1.0464755976947901;1.0467866564075028;1.0467849057417515;1.0464470602260754;1.0466609628088888;1.0464767715271557;1.0464601698117217;1.0466591052947278;1.0464830610974145
